-3.798954188823699951e-02
-7.294198870658874512e-02
-6.762426346540451050e-02
9.255352430045604706e-03
-2.966613508760929108e-02
-3.357977047562599182e-02
3.181141614913940430e-02
-3.568894043564796448e-02
-1.418206375092267990e-02
-5.378903448581695557e-02
-2.474891487509012222e-03
1.625034399330615997e-02
2.341261506080627441e-02
-4.001874849200248718e-02
-8.387864567339420319e-03
-4.813581705093383789e-02
5.802821740508079529e-02
-1.012502051889896393e-02
1.689750142395496368e-02
-1.940866559743881226e-02
4.959391057491302490e-02
-9.356906637549400330e-03
3.428704291582107544e-02
1.717226952314376831e-02
2.235229872167110443e-02
-1.839183829724788666e-02
-5.345188453793525696e-02
8.610461954958736897e-04
-6.365079432725906372e-02
-5.186616256833076477e-02
2.335520647466182709e-02
-4.576415568590164185e-02
9.685960598289966583e-03
-3.488816693425178528e-02
-6.468285340815782547e-03
2.922542765736579895e-02
1.380015537142753601e-02
-3.331737592816352844e-02
-9.626507759094238281e-03
4.685891792178153992e-02
-3.023259341716766357e-02
-2.523455582559108734e-02
1.460728142410516739e-02
-3.543012216687202454e-02
8.428338915109634399e-03
1.695884391665458679e-02
4.030212294310331345e-03
5.983825307339429855e-03
-7.805878669023513794e-02
-5.660561472177505493e-02
9.004498831927776337e-03
3.111794590950012207e-02
-1.091232616454362869e-02
4.045512527227401733e-02
4.444129765033721924e-03
2.988447248935699463e-02
-5.909599713049829006e-04
-3.431933373212814331e-02
-3.830796573311090469e-03
4.328601434826850891e-02
-4.141689091920852661e-02
-9.742735885083675385e-03
4.254407715052366257e-03
-5.703405477106571198e-03
-3.496084595099091530e-03
-2.006768481805920601e-03
-9.879513084888458252e-02
-6.120443344116210938e-03
4.563578218221664429e-02
-5.280808359384536743e-02
2.165509201586246490e-02
-3.166641294956207275e-02
-5.971067585051059723e-03
3.363220766186714172e-02
-3.970117121934890747e-02
-1.601974107325077057e-02
3.352861851453781128e-02
1.988400146365165710e-02
3.609717264771461487e-02
-3.024895850103348494e-04
-3.463601693511009216e-02
-2.018154785037040710e-02
-3.422931954264640808e-02
-1.831312896683812141e-03
7.139097433537244797e-03
-6.226621940732002258e-02
6.177090108394622803e-02
3.462256630882620811e-03
2.673975750803947449e-02
1.558515056967735291e-02
-3.385844081640243530e-02
-5.639438703656196594e-02
8.175502531230449677e-03
6.201712787151336670e-02
2.383803762495517731e-02
-2.883908711373806000e-02
-4.369274154305458069e-02
-3.845001012086868286e-02
4.341145511716604233e-03
-2.819841541349887848e-02
5.686697550117969513e-03
9.056448936462402344e-02
-4.862889647483825684e-02
1.925359666347503662e-02
-5.483949556946754456e-02
-3.910169377923011780e-02
-2.593332342803478241e-02
7.904469966888427734e-03
2.155617065727710724e-02
-4.176980257034301758e-02
-3.628718852996826172e-02
3.558656945824623108e-02
1.643537357449531555e-02
-7.969855517148971558e-02
-2.003805153071880341e-02
1.004628837108612061e-02
-7.622943073511123657e-02
-1.590454578399658203e-02
3.152126446366310120e-02
-3.060863539576530457e-02
2.655566483736038208e-02
-6.962449103593826294e-02
-9.617681615054607391e-03
-2.878692373633384705e-02
-7.273007184267044067e-02
8.605823852121829987e-03
4.034888464957475662e-03
-2.399331331253051758e-02
