3.753612190485000610e-02
1.840380579233169556e-01
-6.633561849594116211e-02
6.704124808311462402e-02
-5.000420287251472473e-02
-1.700686663389205933e-02
-4.632598534226417542e-02
4.584295302629470825e-02
-9.460258483886718750e-02
-1.248206272721290588e-01
1.124380007386207581e-01
-1.486133225262165070e-02
1.068239659070968628e-01
-8.506430685520172119e-02
3.203919157385826111e-02
-4.939794912934303284e-02
1.877975016832351685e-01
-5.234525352716445923e-02
-3.013185225427150726e-02
-1.724633723497390747e-01
-7.308369129896163940e-02
-3.479169681668281555e-03
2.713382542133331299e-01
1.300126314163208008e-01
-1.732878014445304871e-02
5.559517443180084229e-02
