-1.211868822574615479e-01 -3.966664373874664307e-01 -1.102311983704566956e-01 5.030922964215278625e-02 -1.138819232583045959e-01 -2.007181011140346527e-02 6.018993631005287170e-02 9.489450603723526001e-02 -2.644229233264923096e-01 -1.387042403221130371e-01 6.674310564994812012e-02 1.556223034858703613e-01 -4.430306144058704376e-03 -2.170355431735515594e-02 6.076292321085929871e-02 5.990450084209442139e-02 5.912510678172111511e-02 -1.750704087316989899e-02 7.198953628540039062e-02 -8.996407687664031982e-02 5.903491377830505371e-02 1.626319587230682373e-01 7.686489820480346680e-02 -1.596416234970092773e-01 9.779880195856094360e-02 6.566514819860458374e-02 4.436692968010902405e-02 1.687078364193439484e-02 7.489806413650512695e-02 2.037946581840515137e-01 5.521370097994804382e-02 7.069198414683341980e-03 7.253072410821914673e-02 1.871914975345134735e-02 6.598390638828277588e-02 -1.977838724851608276e-01 1.237017884850502014e-01 -2.200399897992610931e-02 -8.056937903165817261e-02 -2.268821746110916138e-02 2.830884233117103577e-02 6.815703958272933960e-02 6.404082477092742920e-02 -2.960675582289695740e-02 3.502133116126060486e-02 -9.269268810749053955e-02 -1.167220696806907654e-01 8.023283630609512329e-02 -3.741785585880279541e-01 -4.820205643773078918e-02 2.292048186063766479e-02 -3.291663527488708496e-02 -3.280952200293540955e-02 -1.572988480329513550e-01 -2.778431773185729980e-02 -1.625187546014785767e-01 7.479763776063919067e-02 -4.028216376900672913e-02 -1.948336255736649036e-03 8.246931433677673340e-02 7.530254870653152466e-02 1.445620600134134293e-02 1.801290512084960938e-01 -8.007830940186977386e-03 -7.121297996491193771e-03 4.496679827570915222e-02 1.624745316803455353e-02 7.413055747747421265e-02 -1.974954009056091309e-01 2.486931085586547852e-01 8.304616063833236694e-02 -6.514674518257379532e-03 -4.467673599720001221e-02 -6.047865003347396851e-02 1.463846415281295776e-01 -3.153750300407409668e-01 4.856725037097930908e-02 3.337643295526504517e-02 -1.286883205175399780e-01 5.743012204766273499e-02 3.746872395277023315e-02 -5.607442557811737061e-02 6.187159940600395203e-02 2.851811423897743225e-02 4.355511814355850220e-02 -2.098751068115234375e-01 -1.526832766830921173e-02 2.084675244987010956e-03 1.031782329082489014e-01 -3.958594799041748047e-02 1.370374411344528198e-01 -1.177449896931648254e-01 7.117507606744766235e-02 1.088057272136211395e-02 4.972795769572257996e-02 -1.299705505371093750e-01 1.023077405989170074e-02 7.396569848060607910e-02 1.295690834522247314e-01 -8.469991385936737061e-02 1.493411976844072342e-02 3.530708700418472290e-02 -9.359969198703765869e-02 6.327673792839050293e-02 -1.463218182325363159e-01 -1.036475077271461487e-01 -8.461172133684158325e-02 1.599919609725475311e-02 3.168798610568046570e-02 9.511466324329376221e-02 2.642555534839630127e-02 3.113031759858131409e-02 -1.273383349180221558e-01 3.116744011640548706e-02 -4.111416265368461609e-02 -1.319514866918325424e-02 -2.187449336051940918e-01 -7.195556536316871643e-03 -1.262265741825103760e-01 2.603188529610633850e-02 -7.259707152843475342e-02 -3.283842802047729492e-01 -5.568017717450857162e-03 -5.857151001691818237e-02 -3.326440928503870964e-03 -3.117255866527557373e-03 -4.955998063087463379e-02 -4.953764379024505615e-02
7.412454485893249512e-02 4.384475573897361755e-02 4.691507294774055481e-02 1.376257091760635376e-01 -1.819805949926376343e-01 -1.404102519154548645e-02 1.667366772890090942e-01 3.772322461009025574e-02 3.094167262315750122e-02 6.255989521741867065e-02 -1.286966353654861450e-01 -1.663610339164733887e-01 -7.935156673192977905e-02 6.621371209621429443e-02 8.156150579452514648e-02 -1.863832920789718628e-01 3.139965534210205078e-01 -7.061935961246490479e-02 -1.315557360649108887e-01 9.238315373659133911e-02 1.428762264549732208e-02 -1.058400794863700867e-01 1.101630553603172302e-01 2.587416768074035645e-02 1.927563995122909546e-01 6.772365421056747437e-02 4.004183411598205566e-02 1.106844865716993809e-03 -1.159415580332279205e-02 -4.310527443885803223e-01 4.046979546546936035e-02 -1.542697846889495850e-01 2.200690563768148422e-03 5.881123617291450500e-02 1.955861784517765045e-02 1.878470033407211304e-01 2.366206981241703033e-02 -3.842496126890182495e-02 1.570889353752136230e-01 -2.490258514881134033e-01 -2.608988583087921143e-01 -2.729197032749652863e-03 -4.685013741254806519e-02 -1.249357126653194427e-02 -2.916505560278892517e-02 4.300508648157119751e-02 -6.449691206216812134e-02 5.131862312555313110e-02 -1.167227402329444885e-01 3.564065694808959961e-02 1.743066310882568359e-02 8.115203678607940674e-02 -5.681667476892471313e-02 1.111904010176658630e-01 7.180064916610717773e-02 -5.337046459317207336e-02 -1.074445899575948715e-02 -1.238966081291437149e-02 7.102714478969573975e-02 1.407314743846654892e-02 -7.726623862981796265e-02 4.505237936973571777e-02 -1.210130155086517334e-01 -8.343462646007537842e-02 4.981365054845809937e-02 -3.304994106292724609e-01 -1.177445724606513977e-01 -6.092302128672599792e-02 -7.718944549560546875e-02 -3.140335381031036377e-01 6.300725042819976807e-02 -5.195178464055061340e-02 -2.828819118440151215e-02 2.001710087060928345e-01 -1.126209199428558350e-01 -2.856773324310779572e-02 8.152533322572708130e-02 4.290665313601493835e-02 -1.476221531629562378e-01 -9.693615883588790894e-02 -3.824850916862487793e-02 8.575806766748428345e-02 8.243774622678756714e-02 -3.553193435072898865e-02 -5.187770351767539978e-02 1.099479966796934605e-03 1.160634458065032959e-01 1.542927920818328857e-01 4.700715467333793640e-02 -7.599230110645294189e-02 -6.051882356405258179e-02 1.186934486031532288e-01 8.182594180107116699e-02 6.252228468656539917e-02 -2.228498272597789764e-02 -5.634931847453117371e-02 -2.329575568437576294e-01 -1.727408319711685181e-01 2.060044743120670319e-02 -6.073386594653129578e-02 4.423525929450988770e-02 -2.762571573257446289e-01 -2.891272678971290588e-02 2.900655940175056458e-02 -2.211977541446685791e-01 -1.913790255784988403e-01 5.281460657715797424e-02 -9.710697829723358154e-02 6.615310907363891602e-02 -2.244911938905715942e-01 -1.136454641819000244e-01 -4.086391627788543701e-02 -7.094522565603256226e-02 -3.116077184677124023e-01 -1.350837852805852890e-02 4.338332638144493103e-02 -3.496837615966796875e-01 7.969087362289428711e-02 7.442837208509445190e-02 -3.563034906983375549e-02 -5.562937632203102112e-02 -3.073373436927795410e-02 -1.533815078437328339e-02 5.437307804822921753e-02 -1.271067708730697632e-01 6.764324754476547241e-02 5.481019243597984314e-02 1.469219475984573364e-02
1.144234612584114075e-01 -9.138710051774978638e-02 6.761530041694641113e-02 9.149137884378433228e-02 1.701812148094177246e-01 3.393177175894379616e-03 -2.008205652236938477e-02 5.182224884629249573e-02 -1.620526239275932312e-02 8.638228476047515869e-02 6.481207907199859619e-02 2.199996635317802429e-02 -1.226127147674560547e-02 2.246657386422157288e-02 5.794473737478256226e-02 7.188914343714714050e-03 -6.444329768419265747e-02 6.725670397281646729e-02 2.314597601071000099e-03 -4.398319870233535767e-02 -1.449237614870071411e-01 1.492857784032821655e-01 -2.203401923179626465e-01 1.610434800386428833e-01 9.234631061553955078e-02 -8.357896655797958374e-02 -6.461764127016067505e-02 1.553609385155141354e-03 -8.109942078590393066e-02 -3.148739039897918701e-02 7.140276581048965454e-02 1.649070382118225098e-01 2.021374367177486420e-02 7.707398384809494019e-02 -5.230881646275520325e-02 -2.623289227485656738e-01 1.218725554645061493e-02 -3.991235792636871338e-02 -1.238304600119590759e-01 -1.621336443349719048e-03 1.966845616698265076e-02 -7.863768190145492554e-02 6.048052385449409485e-02 3.308326750993728638e-02 -3.652679175138473511e-02 -2.071351185441017151e-02 -3.558838367462158203e-01 1.668967120349407196e-02 1.676068603992462158e-01 1.496026366949081421e-01 -5.074026528745889664e-03 -5.336423516273498535e-01 2.536508142948150635e-01 1.527718603610992432e-01 -6.803875416517257690e-02 5.036273971199989319e-02 2.135952748358249664e-02 -3.890554234385490417e-02 5.326038599014282227e-02 -1.509590297937393188e-01 -2.346311882138252258e-02 1.015786430798470974e-03 -3.407694697380065918e-01 -2.796931378543376923e-02 -4.066282138228416443e-02 -5.647753924131393433e-02 8.505968004465103149e-02 -4.421170055866241455e-02 -2.478955537080764771e-01 8.698637038469314575e-02 3.472313284873962402e-02 -1.817072182893753052e-01 -8.842451125383377075e-02 -2.677313517779111862e-03 2.585182785987854004e-01 1.375101599842309952e-02 -1.356856245547533035e-02 5.283232778310775757e-03 -3.386453539133071899e-02 -3.170345909893512726e-03 2.076607430353760719e-03 -3.828265964984893799e-01 1.768320053815841675e-02 1.246279454790055752e-03 -2.872751560062170029e-03 2.326368093490600586e-01 -2.372980862855911255e-01 -3.210509940981864929e-02 2.123735547065734863e-01 5.138924345374107361e-02 1.793449074029922485e-01 1.062153726816177368e-01 2.090705372393131256e-02 -2.884125895798206329e-02 -5.004550516605377197e-02 -1.968917809426784515e-02 2.137885391712188721e-01 4.236128553748130798e-02 -1.395548433065414429e-01 -6.432189792394638062e-02 1.327164703980088234e-03 -8.289568871259689331e-02 -3.032057313248515129e-03 5.401541292667388916e-02 3.948114812374114990e-02 8.965523540973663330e-02 3.647277131676673889e-02 -2.152311988174915314e-02 3.823006525635719299e-02 -5.119162797927856445e-02 -1.017396897077560425e-01 1.068388149142265320e-01 -5.440862476825714111e-02 -1.387727558612823486e-01 2.027414180338382721e-02 3.398558497428894043e-02 1.182719767093658447e-01 -3.511418104171752930e-01 6.442511081695556641e-02 -8.711814880371093750e-02 6.957756727933883667e-02 6.136327236890792847e-02 -2.037558890879154205e-02 2.072151936590671539e-02 1.849802136421203613e-01 -2.810541391372680664e-01 -2.716518007218837738e-02 6.554922554641962051e-03
-1.460074335336685181e-01 3.007829375565052032e-02 -6.479898095130920410e-02 -6.626806408166885376e-02 -9.870848059654235840e-02 -2.443694509565830231e-02 5.570658668875694275e-02 -4.548149555921554565e-02 6.235949695110321045e-02 4.829938709735870361e-02 4.881207272410392761e-02 3.109004162251949310e-02 1.425934135913848877e-01 -4.068410489708185196e-03 8.303127437829971313e-02 -3.726571053266525269e-02 1.076505635865032673e-03 -6.843989714980125427e-03 -4.324658215045928955e-02 -1.961161755025386810e-02 -3.484192304313182831e-03 1.535022109746932983e-01 -7.966225035488605499e-03 -2.489809691905975342e-01 1.045251172035932541e-02 4.142844991292804480e-04 4.786287900060415268e-03 5.045495554804801941e-02 2.572271414101123810e-02 -1.192840635776519775e-01 -1.982322335243225098e-02 -9.861142188310623169e-02 2.812944911420345306e-02 -1.283951476216316223e-02 -7.941807061433792114e-02 1.204812079668045044e-01 2.264694077894091606e-03 -5.186792835593223572e-02 -3.690277040004730225e-02 4.107666388154029846e-02 -9.705742448568344116e-02 -8.027990162372589111e-02 -3.788525983691215515e-02 3.106555528938770294e-02 3.765742108225822449e-02 -4.879407957196235657e-02 -1.436342000961303711e-01 -1.536228600889444351e-02 -1.684910804033279419e-01 -4.874808341264724731e-02 9.023332595825195312e-02 1.103420555591583252e-01 -6.954628229141235352e-02 -5.389545857906341553e-02 -5.780258774757385254e-02 -3.150687217712402344e-01 4.725044965744018555e-02 -8.960023522377014160e-03 5.450242012739181519e-02 9.717426449060440063e-02 2.970116958022117615e-02 -8.805008977651596069e-02 8.121897280216217041e-02 -5.782298371195793152e-02 3.835818544030189514e-02 -4.115303456783294678e-01 -7.405238598585128784e-02 8.391498774290084839e-02 -3.057805299758911133e-01 -3.068371908739209175e-03 -3.772779926657676697e-02 2.061856091022491455e-01 1.164666488766670227e-01 1.177240908145904541e-02 6.612576544284820557e-02 -3.479037806391716003e-02 4.195050336420536041e-03 3.155228495597839355e-02 4.013936221599578857e-01 -4.482550546526908875e-02 2.094726264476776123e-01 -2.695029601454734802e-02 7.538356631994247437e-02 -2.382678911089897156e-02 -4.832899942994117737e-02 1.372680068016052246e-01 9.358282200992107391e-03 3.930884227156639099e-02 -1.043125465512275696e-01 1.593556441366672516e-02 -5.067525058984756470e-02 -2.673284383490681648e-03 4.697650298476219177e-02 -6.748106330633163452e-02 -7.473308593034744263e-03 3.788468241691589355e-02 -3.578792810440063477e-01 8.283998817205429077e-02 1.198253966867923737e-02 4.724569618701934814e-02 -7.486081216484308243e-03 3.667690977454185486e-02 3.320326507091522217e-01 -5.787919089198112488e-02 1.919684857130050659e-01 -7.357423007488250732e-02 4.216011241078376770e-02 -6.375919282436370850e-02 6.026556342840194702e-02 -3.374935686588287354e-01 -3.468269109725952148e-02 2.798155695199966431e-02 -1.006625369191169739e-01 1.817488521337509155e-01 -4.185039177536964417e-02 1.633108220994472504e-02 -4.942672550678253174e-01 -1.089774668216705322e-01 1.200414076447486877e-01 -5.863105878233909607e-02 -1.214638352394104004e-02 -2.722342312335968018e-01 -2.813916280865669250e-02 -8.954858779907226562e-02 -9.094677120447158813e-02 2.985979616641998291e-02 -4.436546564102172852e-02 -1.766760833561420441e-03
1.094603314995765686e-01 -7.890113443136215210e-02 -1.177942231297492981e-01 1.170765236020088196e-01 2.238992005586624146e-01 3.414322808384895325e-02 -4.510839655995368958e-02 1.481250673532485962e-01 -3.350806832313537598e-01 1.290929615497589111e-01 5.953676253557205200e-02 4.043764621019363403e-02 -8.009940385818481445e-02 -4.149493202567100525e-02 -3.273066133260726929e-02 3.025777870789170265e-03 8.003977686166763306e-02 -6.868408620357513428e-02 1.501429174095392227e-02 5.041644349694252014e-02 -2.132397703826427460e-02 8.457889407873153687e-02 1.446034908294677734e-01 2.837527692317962646e-01 1.949092745780944824e-02 8.698979020118713379e-02 -2.844126522541046143e-01 -2.446233667433261871e-02 -2.751895487308502197e-01 -6.189232226461172104e-03 2.006526477634906769e-02 7.342474907636642456e-02 2.473661489784717560e-02 -4.897887632250785828e-02 -3.333083912730216980e-02 -1.615212857723236084e-01 4.204435274004936218e-02 -1.964204199612140656e-02 -2.690628170967102051e-02 -7.497616112232208252e-02 -1.437816321849822998e-01 1.043595373630523682e-03 3.248609974980354309e-02 4.473960027098655701e-02 -6.327459961175918579e-02 -4.826302081346511841e-02 -4.932675361633300781e-01 -6.027107313275337219e-02 -4.989598691463470459e-02 4.234097152948379517e-02 -5.334430560469627380e-02 1.253786683082580566e-01 1.963767707347869873e-01 -1.551220268011093140e-01 8.543358743190765381e-02 -2.242409810423851013e-02 4.421069473028182983e-02 5.054069682955741882e-02 7.551017403602600098e-02 -1.496703773736953735e-01 -3.107303380966186523e-02 -6.960189784877002239e-04 -3.264401257038116455e-01 1.524233072996139526e-02 -7.167076319456100464e-02 -1.811058223247528076e-01 5.012474581599235535e-02 -2.416365407407283783e-02 -6.250525265932083130e-02 -3.118527866899967194e-02 -9.270173497498035431e-03 2.872743085026741028e-02 -1.606476753950119019e-01 5.665870383381843567e-02 3.789318259805440903e-03 -2.256534248590469360e-01 -6.566124036908149719e-03 7.272871583700180054e-02 -5.542297661304473877e-02 -4.675557464361190796e-02 -4.980821907520294189e-02 -1.623823642730712891e-01 3.583740035537630320e-04 -7.009805738925933838e-02 4.278050735592842102e-02 1.190138682723045349e-01 1.268765628337860107e-01 -3.121542371809482574e-02 2.127191424369812012e-02 7.678288966417312622e-02 9.590863436460494995e-02 1.221343427896499634e-01 6.804809719324111938e-02 1.190259493887424469e-02 5.332986824214458466e-03 -1.636320352554321289e-01 2.094651609659194946e-01 -1.215803995728492737e-01 1.551299989223480225e-01 5.835252627730369568e-02 1.287565082311630249e-01 -2.031476050615310669e-01 5.556705221533775330e-02 -4.418833181262016296e-02 -7.835433632135391235e-02 1.142726764082908630e-01 -4.751794505864381790e-03 1.419701892882585526e-02 5.381009355187416077e-02 -2.579236030578613281e-01 -7.470457255840301514e-02 -2.838642150163650513e-02 8.388367295265197754e-02 -2.078155577182769775e-01 4.845327883958816528e-02 1.133524253964424133e-02 1.530278027057647705e-01 -4.370845258235931396e-01 8.851943165063858032e-02 -1.492373831570148468e-02 -4.277380183339118958e-02 3.920079395174980164e-02 -6.028991565108299255e-02 7.728797942399978638e-02 1.833909153938293457e-01 -5.681463330984115601e-02 -5.271874368190765381e-02 -4.091650247573852539e-02
6.930333375930786133e-02 2.115000337362289429e-01 -2.204420119524002075e-01 2.378514856100082397e-01 7.706340402364730835e-02 4.394291341304779053e-02 -4.330777376890182495e-02 2.164805680513381958e-01 -8.003327250480651855e-02 -1.271463930606842041e-02 -1.671997308731079102e-01 1.087081953883171082e-01 -1.134439036250114441e-01 -5.658392794430255890e-03 -9.528918564319610596e-02 -1.268511563539505005e-01 3.830860555171966553e-02 -9.080365300178527832e-02 8.866104483604431152e-02 2.862209081649780273e-02 -4.658562690019607544e-02 9.929295629262924194e-02 1.943527311086654663e-01 -3.534547612071037292e-02 -1.200724393129348755e-01 4.860048741102218628e-02 -6.898641586303710938e-02 -3.109113685786724091e-02 1.946123316884040833e-02 -4.517482966184616089e-02 -9.405028074979782104e-02 1.219500750303268433e-01 1.176572311669588089e-02 -6.071404740214347839e-02 6.853741407394409180e-02 -5.922108143568038940e-02 2.916195392608642578e-01 -8.066100627183914185e-02 -1.235701143741607666e-01 -3.847615122795104980e-01 2.790590226650238037e-01 -6.535893678665161133e-02 -6.885343790054321289e-02 3.412268357351422310e-03 -4.769953433424234390e-03 5.653760582208633423e-02 6.340704276226460934e-04 -1.057826541364192963e-02 -3.824373008683323860e-03 -3.982059061527252197e-01 3.032772243022918701e-02 1.259708404541015625e-01 5.985555052757263184e-02 -1.550313532352447510e-01 7.952037267386913300e-03 -5.297175422310829163e-02 -2.818703278899192810e-02 -4.363156110048294067e-02 -4.050498362630605698e-03 3.778366744518280029e-02 -7.292269915342330933e-02 7.829587906599044800e-02 -3.285776078701019287e-01 -8.790554106235504150e-02 -4.474994167685508728e-02 5.431896448135375977e-02 -6.010887399315834045e-02 5.810105707496404648e-03 -8.000560104846954346e-02 -1.005301028490066528e-01 1.000088173896074295e-02 1.361994594335556030e-01 1.184502895921468735e-02 -9.841421991586685181e-02 -5.686717107892036438e-02 -2.369080632925033569e-01 -8.931424468755722046e-02 5.408422648906707764e-02 5.013517290353775024e-02 3.199458122253417969e-02 -1.498003453016281128e-01 4.274291917681694031e-02 6.298611313104629517e-02 -1.865477859973907471e-01 4.632922634482383728e-02 -2.939523383975028992e-02 -1.484876126050949097e-01 2.190040946006774902e-01 1.441481411457061768e-01 5.718858167529106140e-02 1.060893312096595764e-01 -2.544414401054382324e-01 -5.305292829871177673e-02 -1.298474241048097610e-02 4.891504999250173569e-03 -1.316812485456466675e-01 8.349460363388061523e-02 -7.399319857358932495e-02 3.072237372398376465e-01 1.428509652614593506e-01 -3.312665037810802460e-03 -3.213596642017364502e-01 1.455823034048080444e-01 9.022449702024459839e-02 -3.240124881267547607e-01 -1.821759194135665894e-01 2.690302431583404541e-01 -6.404987722635269165e-02 -6.358148902654647827e-02 2.176885455846786499e-01 -3.385887667536735535e-02 -1.470365226268768311e-01 1.846334710717201233e-02 -4.447308182716369629e-02 2.400565333664417267e-02 3.873591125011444092e-02 8.532903343439102173e-02 -9.491311013698577881e-02 2.973977662622928619e-02 1.647685468196868896e-02 7.674100250005722046e-02 1.159311830997467041e-02 -1.711481250822544098e-02 2.093329094350337982e-02 2.441808208823204041e-02 -1.236755549907684326e-01 2.318724058568477631e-02 3.422575443983078003e-02
-2.667566575109958649e-02 2.121159434318542480e-02 3.094279952347278595e-02 5.831830203533172607e-02 -1.332172378897666931e-02 1.373345497995615005e-03 3.679649531841278076e-02 1.538809835910797119e-01 -2.495113462209701538e-01 -9.504906088113784790e-02 -2.151376008987426758e-01 -1.328894793987274170e-01 6.777118146419525146e-02 -7.576374709606170654e-02 8.106431365013122559e-02 3.131776815280318260e-03 -3.808651864528656006e-02 2.606027387082576752e-02 -1.615065634250640869e-01 -2.578190341591835022e-02 8.390492945909500122e-02 5.910178646445274353e-02 1.979903578758239746e-01 8.344891667366027832e-02 -9.016016125679016113e-02 7.529123127460479736e-02 1.232056841254234314e-01 5.161551013588905334e-02 -3.019478619098663330e-01 -4.991584643721580505e-02 -6.026098877191543579e-02 -1.303011626005172729e-01 -5.859609320759773254e-02 1.141078304499387741e-02 -1.457060314714908600e-02 -3.703146055340766907e-02 1.616038233041763306e-01 3.249018918722867966e-03 -1.339018791913986206e-01 -8.266124874353408813e-03 2.245351672172546387e-02 -8.186140097677707672e-03 -7.789745461195707321e-03 -1.011967379599809647e-02 7.233318407088518143e-03 -7.767313718795776367e-02 -5.945951864123344421e-02 3.148138895630836487e-02 -2.138601541519165039e-01 2.527804300189018250e-02 -1.948479935526847839e-02 1.143335551023483276e-01 -3.879374638199806213e-02 1.039648950099945068e-01 1.839003711938858032e-02 4.644336551427841187e-02 7.636535912752151489e-02 8.178035169839859009e-02 8.533445000648498535e-02 1.237978339195251465e-01 -2.797632478177547455e-02 -2.394772134721279144e-02 5.119848251342773438e-02 5.945205688476562500e-02 1.319652795791625977e-01 1.090742647647857666e-01 -1.295620352029800415e-01 3.949784860014915466e-02 -3.207874298095703125e-02 -1.946883462369441986e-02 7.073459029197692871e-02 -2.262255251407623291e-01 5.853113532066345215e-02 6.429552286863327026e-02 -9.888811968266963959e-03 -2.153919339179992676e-01 -8.752620220184326172e-02 -5.167031288146972656e-02 4.245913773775100708e-02 -4.237289726734161377e-02 -3.640048950910568237e-02 -2.610152661800384521e-01 -3.594167530536651611e-03 4.824747145175933838e-02 -2.999366819858551025e-02 -2.154069244861602783e-01 7.489712536334991455e-02 -3.198092579841613770e-01 1.908335834741592407e-01 5.076275020837783813e-02 2.210266441106796265e-01 2.195651084184646606e-02 -2.954535884782671928e-04 5.389945581555366516e-02 -6.726156175136566162e-02 -7.670250535011291504e-02 1.196083500981330872e-01 -1.053895205259323120e-01 4.961247742176055908e-02 6.181990355253219604e-02 5.358284711837768555e-02 -7.241550087928771973e-02 -1.187060326337814331e-01 8.220840245485305786e-02 -1.613073647022247314e-01 -1.216723024845123291e-01 8.499264717102050781e-02 9.299480170011520386e-02 4.026836156845092773e-02 -8.079171180725097656e-03 -7.136746495962142944e-02 -1.258627772331237793e-01 5.569788441061973572e-02 6.436856091022491455e-02 -4.423829913139343262e-02 2.748408168554306030e-02 8.093499392271041870e-02 -1.613340973854064941e-01 -2.611632831394672394e-02 6.387996673583984375e-02 5.619418248534202576e-02 1.199594363570213318e-01 5.176537111401557922e-02 -7.807619869709014893e-02 -1.888315081596374512e-01 2.716663479804992676e-02 -4.170319065451622009e-02 8.157440274953842163e-02
-2.584949731826782227e-01 -4.620938003063201904e-01 1.092917546629905701e-01 3.939004242420196533e-02 -1.640110611915588379e-01 7.308933883905410767e-02 8.947861194610595703e-02 7.116039097309112549e-02 1.467454880475997925e-01 4.023388773202896118e-02 -4.187473654747009277e-01 1.977075189352035522e-01 1.098487377166748047e-01 -7.963778823614120483e-02 1.359612792730331421e-01 -3.941777348518371582e-02 1.642117351293563843e-01 -1.544851809740066528e-02 4.210771992802619934e-02 5.194653756916522980e-03 3.238423913717269897e-02 -1.875941157341003418e-01 1.912203431129455566e-01 -8.660084754228591919e-02 9.383631497621536255e-02 -2.145598642528057098e-03 1.143925786018371582e-01 4.047114402055740356e-02 2.229882180690765381e-01 -5.865020304918289185e-02 6.619124114513397217e-02 -1.359312329441308975e-02 -5.682865530252456665e-02 7.375372108072042465e-03 2.464832365512847900e-02 -1.368800997734069824e-01 5.161562189459800720e-02 3.577772155404090881e-02 -3.917348012328147888e-02 -4.434959962964057922e-02 -1.016044616699218750e-01 9.332343935966491699e-03 5.613938346505165100e-02 4.644200578331947327e-02 -1.629522629082202911e-02 -5.921745672821998596e-02 -2.017709016799926758e-01 -1.149160973727703094e-02 5.387484654784202576e-02 -8.872444927692413330e-02 -1.808605343103408813e-02 9.501686692237854004e-02 -1.663424372673034668e-01 -3.244825601577758789e-01 3.890384687110781670e-03 -3.905892372131347656e-02 8.221625536680221558e-02 5.803655833005905151e-02 -7.003488391637802124e-02 -2.354866266250610352e-01 -9.159045666456222534e-02 5.667594820261001587e-02 1.524364501237869263e-01 -9.305258095264434814e-02 3.655321523547172546e-02 -1.093615069985389709e-01 -1.732234507799148560e-01 -7.896523177623748779e-02 -3.557716310024261475e-01 -1.040854007005691528e-01 -3.036843538284301758e-01 3.196953609585762024e-02 -1.689310222864151001e-01 2.889982797205448151e-02 -3.084600269794464111e-01 8.961041271686553955e-02 7.313493639230728149e-02 8.826605044305324554e-03 -2.102561891078948975e-01 4.517068341374397278e-02 -3.835905343294143677e-02 1.563439071178436279e-01 6.863573938608169556e-02 8.664651960134506226e-02 -6.283941864967346191e-02 -4.204146564006805420e-01 5.656995251774787903e-02 1.190387085080146790e-01 -7.500459253787994385e-02 -2.169054187834262848e-02 -1.335640996694564819e-01 -4.479005932807922363e-01 -3.179426491260528564e-02 -1.387010049074888229e-02 7.488977164030075073e-02 6.837997585535049438e-02 -8.498384058475494385e-02 7.835112512111663818e-02 1.215555444359779358e-01 1.691661179065704346e-01 -2.099694684147834778e-02 -6.865833699703216553e-02 1.057978346943855286e-01 8.267663419246673584e-02 6.699243187904357910e-02 -1.577928364276885986e-01 -1.025707423686981201e-01 -3.283473476767539978e-02 -1.257446408271789551e-02 -5.918019451200962067e-03 2.474608272314071655e-02 -1.563348174095153809e-01 1.118331104516983032e-01 1.322123706340789795e-01 2.583646215498447418e-02 7.043687254190444946e-02 -2.236749976873397827e-01 2.104919552803039551e-01 -1.162802577018737793e-01 5.313256382942199707e-02 -4.185130447149276733e-02 -2.214232087135314941e-01 5.962745845317840576e-02 7.760988920927047729e-02 -1.556482464075088501e-01 3.229545801877975464e-02 2.204079180955886841e-02 7.121076434850692749e-02
1.924529671669006348e-01 1.087178438901901245e-01 1.137173697352409363e-01 -1.723794639110565186e-01 -1.493086963891983032e-01 -9.176315367221832275e-02 1.490448415279388428e-02 7.047518342733383179e-02 1.081213504076004028e-01 3.422173904255032539e-04 2.679710984230041504e-01 1.107334122061729431e-01 1.018493063747882843e-02 6.284973025321960449e-02 9.384536743164062500e-02 -7.219520956277847290e-02 -3.673358261585235596e-01 4.117359220981597900e-02 1.550192683935165405e-01 -8.937387727200984955e-03 -1.438885480165481567e-01 -1.232825964689254761e-01 -1.507248729467391968e-01 -1.028092205524444580e-01 -4.090515896677970886e-02 5.440249666571617126e-02 6.195926293730735779e-02 6.891053915023803711e-02 1.646121889352798462e-01 1.165651082992553711e-01 7.313743978738784790e-02 6.051984801888465881e-02 5.416093394160270691e-02 7.109991461038589478e-02 -4.710623994469642639e-02 -9.454376995563507080e-02 -1.175027564167976379e-01 -8.888646960258483887e-02 1.000918745994567871e-01 4.768727719783782959e-02 1.075318083167076111e-01 5.289683118462562561e-02 6.967298686504364014e-03 -5.072693154215812683e-02 3.287662193179130554e-02 5.050869658589363098e-02 1.396917402744293213e-01 5.765832588076591492e-02 1.969276964664459229e-01 1.297471523284912109e-01 6.449956446886062622e-02 -1.533980220556259155e-01 -1.000179871916770935e-01 3.782681375741958618e-02 7.773298304527997971e-03 3.097531618550419807e-03 5.613068118691444397e-03 4.456598684191703796e-02 3.014618158340454102e-02 8.475769311189651489e-02 -2.346489392220973969e-02 7.722455263137817383e-02 -1.184678152203559875e-01 4.769434779882431030e-02 -1.067998707294464111e-01 3.020826168358325958e-02 1.961544901132583618e-01 4.845299571752548218e-02 8.213552832603454590e-02 -1.355636119842529297e-01 -7.545693218708038330e-02 1.084828376770019531e-01 2.464600279927253723e-02 -1.799633651971817017e-01 1.178058385848999023e-01 1.125620752573013306e-01 -5.404742807149887085e-02 -9.027682244777679443e-02 7.398726791143417358e-02 1.068137362599372864e-01 -6.331568211317062378e-02 4.895675182342529297e-02 -4.293844103813171387e-02 1.331911832094192505e-01 -6.913962215185165405e-02 2.202136218547821045e-01 -1.288332790136337280e-01 3.820364549756050110e-02 -1.820576610043644905e-03 9.537427686154842377e-03 -1.443564444780349731e-01 -1.451968401670455933e-01 -1.514181029051542282e-02 -4.246655106544494629e-01 -4.448882862925529480e-02 -1.740568280220031738e-01 7.384233921766281128e-02 6.513355672359466553e-02 -2.248512208461761475e-01 -2.045511454343795776e-02 -2.577064037322998047e-01 -2.006488889455795288e-01 -3.247560933232307434e-02 -6.253605335950851440e-02 -2.745372988283634186e-02 1.653533279895782471e-01 -1.544369757175445557e-01 -5.298097431659698486e-02 8.011339604854583740e-02 2.414036542177200317e-02 -2.516450546681880951e-02 1.864159293472766876e-02 1.183256804943084717e-01 3.148777782917022705e-02 -6.629586964845657349e-02 -6.982877105474472046e-02 2.620822489261627197e-01 7.465365529060363770e-02 -3.451536595821380615e-01 2.202097885310649872e-02 -5.952928587794303894e-02 -1.881256699562072754e-02 -1.794836483895778656e-02 -6.238585337996482849e-02 2.817249596118927002e-01 -8.919752202928066254e-03 2.732550911605358124e-02 6.110193207859992981e-02
2.719449698925018311e-01 2.670546770095825195e-01 8.565263450145721436e-02 6.288439035415649414e-02 -1.036171317100524902e-01 1.567678526043891907e-02 4.148940369486808777e-02 -2.165825963020324707e-01 3.883105888962745667e-02 -1.140517592430114746e-01 8.521533757448196411e-02 -3.674091994762420654e-01 4.196080937981605530e-02 3.296238183975219727e-02 1.074544787406921387e-01 -1.142317503690719604e-01 -2.876561880111694336e-01 -2.334177121520042419e-02 -1.723258197307586670e-01 -7.717154920101165771e-02 -1.352558434009552002e-01 -6.660818122327327728e-03 -3.739407658576965332e-02 -4.705300629138946533e-01 -8.984874933958053589e-02 5.001061037182807922e-02 1.682043671607971191e-01 -7.365051656961441040e-02 -2.636588364839553833e-02 1.360344439744949341e-01 -6.507295370101928711e-02 -6.835591793060302734e-02 3.225898742675781250e-02 -7.032112777233123779e-02 -2.296346472576260567e-03 2.060787566006183624e-02 1.350105553865432739e-02 6.992182135581970215e-02 9.021652489900588989e-02 1.361067965626716614e-02 1.215582415461540222e-01 -6.966936588287353516e-02 3.771653398871421814e-02 1.694709807634353638e-02 -5.386672168970108032e-02 -7.201447617262601852e-03 7.540128193795681000e-03 -7.285578548908233643e-02 6.113568693399429321e-02 -7.316565513610839844e-02 5.253644660115242004e-02 -4.551230743527412415e-02 1.875469982624053955e-01 5.919760838150978088e-02 2.085306309163570404e-02 -1.185126304626464844e-01 -9.058445692062377930e-02 -7.815069705247879028e-02 -2.039650455117225647e-02 1.411924660205841064e-01 5.836575292050838470e-03 1.623115874826908112e-02 1.271008253097534180e-01 4.564967378973960876e-02 2.044944018125534058e-01 1.921711713075637817e-01 2.637349441647529602e-02 -3.082733415067195892e-02 3.196479678153991699e-01 9.448910132050514221e-03 -1.771619915962219238e-01 8.259792625904083252e-02 -1.277448832988739014e-01 -2.003889530897140503e-01 1.587781310081481934e-01 3.676266223192214966e-02 -1.700105667114257812e-01 2.398627437651157379e-02 1.025648415088653564e-01 3.876596747431904078e-05 2.468154877424240112e-01 -1.650890409946441650e-01 -6.165743619203567505e-02 1.976772546768188477e-01 -9.091103821992874146e-02 1.660339385271072388e-01 -1.755453944206237793e-01 -2.372087165713310242e-02 2.567750029265880585e-02 -4.598969593644142151e-02 -1.082633957266807556e-01 -7.334883511066436768e-02 -5.125512927770614624e-02 -1.487986594438552856e-01 -5.353135988116264343e-02 -1.215207651257514954e-01 -2.357085943222045898e-01 -1.841483861207962036e-01 1.002991721034049988e-01 4.603363946080207825e-02 4.911076277494430542e-02 -7.372634112834930420e-02 1.576577872037887573e-01 -5.239442735910415649e-02 -1.610413640737533569e-01 7.216454297304153442e-02 1.101643126457929611e-02 -9.050621092319488525e-02 -8.024043589830398560e-02 3.412445541471242905e-03 -2.629743814468383789e-01 2.484205923974514008e-02 -2.195507586002349854e-01 8.957554399967193604e-02 -4.117666929960250854e-02 -2.256514318287372589e-02 3.376360535621643066e-01 -1.241263002157211304e-01 -1.428463459014892578e-01 1.915107667446136475e-02 -3.693250194191932678e-02 1.255546361207962036e-01 -6.366959959268569946e-02 2.668788656592369080e-03 1.573742628097534180e-01 -2.596404962241649628e-02 3.864967823028564453e-02 -2.857663854956626892e-02
2.702408134937286377e-01 -4.960404038429260254e-01 1.263344287872314453e-01 3.433869034051895142e-02 7.255702465772628784e-02 -7.727135717868804932e-02 4.311138018965721130e-02 9.839568287134170532e-03 4.434034973382949829e-02 2.365815192461013794e-01 -3.250549435615539551e-01 5.400823056697845459e-02 -1.390393264591693878e-02 7.182087749242782593e-02 -2.440085858106613159e-01 1.191054582595825195e-01 1.738537102937698364e-01 1.008007209748029709e-02 1.396751701831817627e-01 -7.010543346405029297e-02 7.617288827896118164e-02 -2.537618577480316162e-01 -2.029371410608291626e-01 2.760715186595916748e-01 -3.218841552734375000e-01 4.425509274005889893e-02 -9.047230333089828491e-02 -7.907821238040924072e-02 2.621227689087390900e-02 -4.279133677482604980e-02 -5.591985210776329041e-02 3.510910272598266602e-02 -2.669393271207809448e-02 -4.079927876591682434e-02 3.505680710077285767e-02 -2.211776524782180786e-01 2.651338465511798859e-02 -1.153635606169700623e-02 4.007255192846059799e-03 -9.592606686055660248e-03 -2.024524360895156860e-01 -7.087031751871109009e-02 -8.713483065366744995e-02 4.948468506336212158e-02 -6.570963189005851746e-03 -7.958369702100753784e-02 8.921574801206588745e-02 6.645905971527099609e-02 1.284441798925399780e-01 -7.179234921932220459e-02 -1.717705396004021168e-03 1.537510305643081665e-01 -2.240500450134277344e-01 -5.466253682971000671e-02 1.967327855527400970e-02 1.142798922955989838e-02 -3.463535755872726440e-02 -7.417500764131546021e-02 8.322833478450775146e-02 -2.112282514572143555e-01 6.849237717688083649e-03 -9.815214574337005615e-02 -5.219990387558937073e-03 4.953150451183319092e-02 -3.835566937923431396e-01 5.789905413985252380e-02 -9.532672166824340820e-02 4.423739761114120483e-02 -1.349377166479825974e-02 -3.420142084360122681e-02 5.493849143385887146e-02 3.712456300854682922e-02 5.000375583767890930e-02 1.957298070192337036e-01 -3.741821944713592529e-01 1.209376081824302673e-01 8.002147823572158813e-02 6.874890532344579697e-03 -6.678942590951919556e-02 -3.011547960340976715e-02 -3.260327130556106567e-02 6.174243614077568054e-02 6.990340352058410645e-02 -4.435568451881408691e-01 4.597621038556098938e-02 -1.336872279644012451e-01 1.892461776733398438e-01 -5.794156342744827271e-02 -3.401987254619598389e-01 -2.126257680356502533e-02 -2.823105156421661377e-01 -1.306166499853134155e-01 3.340540826320648193e-02 1.227125227451324463e-01 -5.566628649830818176e-02 2.586924731731414795e-01 -2.323176860809326172e-01 -1.448730193078517914e-02 -4.818354919552803040e-02 -4.497730731964111328e-02 -2.134305424988269806e-02 -1.467858105897903442e-01 1.367554813623428345e-01 3.371511120349168777e-03 1.654160767793655396e-01 -5.654945597052574158e-02 -1.985750794410705566e-01 -3.859166055917739868e-02 1.079103210940957069e-03 -2.143238037824630737e-01 6.332892924547195435e-02 1.089703440666198730e-01 2.129600383341312408e-02 -3.093350827693939209e-01 1.411584322340786457e-03 -6.569338589906692505e-02 1.875705458223819733e-02 1.716667599976062775e-02 -9.182776324450969696e-03 -2.375151775777339935e-02 -9.553772211074829102e-02 2.107128687202930450e-02 3.417267650365829468e-02 3.086355887353420258e-02 -3.741524219512939453e-01 -1.060679368674755096e-02 -5.977980419993400574e-02 -5.688671767711639404e-02
-8.563707023859024048e-02 6.406007707118988037e-02 1.541763544082641602e-01 -2.316856980323791504e-01 -8.339267969131469727e-02 -4.933182522654533386e-02 3.926232084631919861e-02 1.005725935101509094e-01 2.159352302551269531e-01 5.009526759386062622e-02 5.730637162923812866e-02 1.949921250343322754e-01 -5.528545938432216644e-03 -1.387971546500921249e-02 1.643010675907135010e-01 -1.708335708826780319e-03 -3.291699290275573730e-01 -8.916547149419784546e-02 1.878118216991424561e-01 8.528414764441549778e-04 -1.534884721040725708e-01 -2.790203690528869629e-01 -1.848966777324676514e-01 1.162346899509429932e-01 -5.293037276715040207e-03 4.389267414808273315e-02 5.134253203868865967e-02 -7.005266845226287842e-02 1.153964921832084656e-01 1.008800268173217773e-01 -5.293753743171691895e-02 5.422818288207054138e-02 -3.289152635261416435e-03 2.254251390695571899e-02 -6.010087090544402599e-04 -9.948067367076873779e-02 -5.181513726711273193e-02 -4.507903009653091431e-02 -4.117720946669578552e-02 7.358071953058242798e-02 -7.510809600353240967e-02 -4.571335017681121826e-02 -3.327973186969757080e-02 5.815224722027778625e-02 -4.338487051427364349e-03 7.329072803258895874e-02 1.460672318935394287e-01 -8.046492189168930054e-02 4.543458297848701477e-02 7.678818702697753906e-02 2.191850356757640839e-02 -2.216947823762893677e-01 -3.462907671928405762e-02 2.007063105702400208e-02 2.669565379619598389e-02 -2.504272572696208954e-02 1.788451708853244781e-02 -4.047957062721252441e-02 -6.396993063390254974e-03 -1.161850616335868835e-01 -3.358886390924453735e-02 -1.574581116437911987e-02 -2.701681852340698242e-01 -5.057519301772117615e-02 -5.242635682225227356e-02 1.820911839604377747e-02 1.422694474458694458e-01 -2.978230454027652740e-02 -2.459835261106491089e-01 -7.077443599700927734e-02 -4.031989723443984985e-02 9.134072810411453247e-02 3.162915259599685669e-02 -2.123479172587394714e-02 8.315476775169372559e-02 2.698143720626831055e-01 -8.933671750128269196e-03 3.185184672474861145e-02 4.613818600773811340e-02 7.832268625497817993e-02 -1.701492369174957275e-01 1.699768602848052979e-01 -4.585549980401992798e-02 8.449617028236389160e-02 -2.357890084385871887e-02 2.056839913129806519e-01 -1.340146809816360474e-01 -1.655105501413345337e-02 -5.549294874072074890e-02 -6.012350693345069885e-02 -2.705275639891624451e-02 1.050092428922653198e-01 -2.786314487457275391e-02 -1.082028523087501526e-01 5.425336956977844238e-02 4.661298915743827820e-02 1.426414549350738525e-01 9.304470568895339966e-02 -3.286646902561187744e-01 4.149663820862770081e-02 -2.828581035137176514e-01 -2.019116431474685669e-01 -2.557471692562103271e-01 -1.199130807071924210e-02 -8.594959974288940430e-02 2.325639873743057251e-01 -2.181993126869201660e-01 -3.358701243996620178e-02 1.043054508045315742e-03 1.130506619811058044e-01 -1.461924463510513306e-01 3.958176076412200928e-02 7.829920947551727295e-02 3.612832725048065186e-02 -4.698922857642173767e-02 -3.123656846582889557e-02 -1.224890425801277161e-01 1.088109314441680908e-01 -1.853813081979751587e-01 3.714306280016899109e-02 6.316786259412765503e-02 2.191569656133651733e-02 -7.853264361619949341e-02 -3.844842687249183655e-02 1.428945958614349365e-01 -5.140672996640205383e-02 7.753197848796844482e-02 -9.245453029870986938e-02
-1.721623837947845459e-01 -5.249964594841003418e-01 6.839487701654434204e-02 -3.347463607788085938e-01 -2.888643443584442139e-01 8.673266507685184479e-03 -2.565428316593170166e-01 4.829718917608261108e-02 1.041991487145423889e-01 -1.654220670461654663e-01 -1.738428175449371338e-01 3.681279718875885010e-02 -2.775298655033111572e-01 -1.773885334841907024e-03 -4.997669160366058350e-01 -1.127041727304458618e-01 1.758891940116882324e-01 -1.435635238885879517e-02 -4.846560582518577576e-02 8.578919619321823120e-02 1.835075765848159790e-01 -4.634870961308479309e-02 -9.562602266669273376e-03 -4.135640561580657959e-01 -6.742911040782928467e-02 7.873779162764549255e-03 -3.242911100387573242e-01 -3.613639995455741882e-02 1.877134889364242554e-01 4.506370797753334045e-02 -5.643183737993240356e-02 -1.557690184563398361e-02 2.266674302518367767e-03 4.025689512491226196e-02 3.940624743700027466e-02 1.417419165372848511e-01 -3.511511087417602539e-01 5.997489392757415771e-02 1.817409098148345947e-01 1.588383913040161133e-01 -2.192683517932891846e-01 5.344081437215209007e-04 -3.176803886890411377e-02 -1.552591938525438309e-02 6.577974185347557068e-03 -4.463823512196540833e-02 8.622814714908599854e-02 3.732487931847572327e-02 -1.878558844327926636e-01 1.213632896542549133e-01 -6.923747062683105469e-02 5.632916465401649475e-02 -2.510781288146972656e-01 1.226125657558441162e-02 -6.931513547897338867e-02 -2.223174646496772766e-02 -7.326248288154602051e-02 5.142165347933769226e-02 1.526181027293205261e-02 -1.218806356191635132e-01 -1.670027896761894226e-02 -3.589675575494766235e-02 2.536591142416000366e-02 -3.854138776659965515e-02 -1.166130378842353821e-01 2.940627746284008026e-02 -3.902083933353424072e-01 -3.398986160755157471e-02 2.504165768623352051e-01 -1.568911820650100708e-01 2.253996431827545166e-01 -3.325161039829254150e-01 -2.752120490185916424e-04 1.202038899064064026e-01 -1.883696019649505615e-01 1.195931583642959595e-01 1.785235106945037842e-01 -3.285663202404975891e-02 -1.192680969834327698e-01 -2.070402055978775024e-01 1.367315500974655151e-01 -1.039733737707138062e-01 6.329700350761413574e-02 2.256359293824061751e-04 8.020957559347152710e-02 -8.366502821445465088e-03 6.743010878562927246e-02 -5.190242454409599304e-02 -4.921149834990501404e-02 -4.214255884289741516e-02 -3.106933534145355225e-01 -3.729607164859771729e-01 -2.716739289462566376e-02 -1.368089914321899414e-01 -5.614487454295158386e-02 -2.198089957237243652e-01 -1.539134792983531952e-02 7.645105570554733276e-02 -2.437297552824020386e-01 -2.364106476306915283e-01 -2.710920572280883789e-01 1.643476635217666626e-01 -3.676035627722740173e-02 2.146611176431179047e-02 -1.175628304481506348e-01 -1.628255248069763184e-01 -5.048713833093643188e-02 -7.382799685001373291e-02 -7.744870334863662720e-02 1.339161768555641174e-02 -8.306410163640975952e-02 2.361999303102493286e-01 1.399226635694503784e-01 -3.904228210449218750e-01 -5.461120512336492538e-03 -3.181595727801322937e-02 1.377052515745162964e-01 -1.247787326574325562e-01 1.839137449860572815e-02 -3.999600559473037720e-02 6.048289313912391663e-02 -2.386029660701751709e-01 -2.264621108770370483e-02 5.886029452085494995e-02 -1.043900325894355774e-01 -2.908165752887725830e-02 5.162784457206726074e-02 -6.746596843004226685e-02
-1.141713857650756836e-01 -1.395372599363327026e-01 1.223168075084686279e-01 -3.917033374309539795e-01 -1.354423463344573975e-01 -2.056422084569931030e-02 -7.241843640804290771e-02 -1.510501503944396973e-01 1.267027258872985840e-01 2.921756170690059662e-02 -1.054019853472709656e-02 1.348036378622055054e-01 1.444944292306900024e-01 -2.194767352193593979e-03 -1.627315878868103027e-01 -2.050465159118175507e-02 1.512455288320779800e-02 7.031814008951187134e-02 1.473645418882369995e-01 -7.119300216436386108e-02 7.036729902029037476e-02 3.289876878261566162e-02 -9.179360233247280121e-03 -3.434405028820037842e-01 -5.455996468663215637e-02 1.619248092174530029e-02 1.751169413328170776e-01 -8.282580971717834473e-02 2.146226912736892700e-01 -3.539276123046875000e-01 7.997146248817443848e-02 1.510749161243438721e-01 -5.605580285191535950e-02 2.738553844392299652e-02 -5.765964463353157043e-02 1.585633866488933563e-02 -5.230010151863098145e-01 5.834207683801651001e-02 1.209669113159179688e-01 1.234314814209938049e-01 3.465238260105252266e-03 5.749016627669334412e-02 1.358382776379585266e-02 -6.600961834192276001e-02 1.233998499810695648e-02 -4.917393997311592102e-02 7.268463075160980225e-02 5.541006848216056824e-02 9.123637340962886810e-03 5.733951926231384277e-02 1.427558623254299164e-02 -1.175512298941612244e-01 -2.903887629508972168e-01 6.653136014938354492e-02 -2.806206792593002319e-02 -6.664551049470901489e-02 8.475608378648757935e-02 -4.865910112857818604e-02 -5.912981554865837097e-02 -3.052368462085723877e-01 3.896786272525787354e-02 6.141169369220733643e-02 7.463677972555160522e-02 6.396155804395675659e-02 1.955480501055717468e-02 -4.968001320958137512e-02 -4.676668941974639893e-01 -6.568125635385513306e-02 1.845767498016357422e-01 4.736981913447380066e-02 1.312009841203689575e-01 -4.251134395599365234e-02 -1.559855043888092041e-01 1.154845431447029114e-01 6.363193038851022720e-03 9.928082115948200226e-03 8.559406548738479614e-02 -3.301066532731056213e-02 -4.359614104032516479e-02 -1.595607250928878784e-01 4.296477884054183960e-02 1.097389161586761475e-01 -7.632751762866973877e-02 -3.967439010739326477e-02 5.430202931165695190e-02 1.718140393495559692e-02 -7.423262298107147217e-02 8.046410977840423584e-02 -5.945259705185890198e-02 -4.621294885873794556e-02 -2.057694196701049805e-01 2.635212056338787079e-02 -3.320978581905364990e-02 -1.943305879831314087e-01 7.695394754409790039e-02 -1.190921291708946228e-02 -2.529357671737670898e-01 1.382863074541091919e-01 -2.398882657289505005e-01 -1.110362913459539413e-02 -1.827599853277206421e-01 2.128324359655380249e-01 1.701554656028747559e-02 -5.791122838854789734e-02 8.651662617921829224e-02 -1.357124149799346924e-01 1.271098479628562927e-02 -3.630790859460830688e-02 5.241430923342704773e-02 2.245384082198143005e-02 2.321058511734008789e-02 -1.532663255929946899e-01 1.417571455240249634e-01 1.207277253270149231e-01 -4.673203080892562866e-02 -3.986890241503715515e-02 -2.841555476188659668e-01 1.746527254581451416e-01 -3.484506160020828247e-02 -1.593111455440521240e-02 -4.139968659728765488e-03 -4.071118235588073730e-01 -6.385413557291030884e-02 -3.844419121742248535e-02 8.504668250679969788e-03 1.597909331321716309e-01 -6.161446869373321533e-02 6.185575202107429504e-02
1.049990113824605942e-02 1.878449469804763794e-01 -3.033861219882965088e-01 -4.901455342769622803e-02 -2.173800580203533173e-02 -4.737480357289314270e-02 -1.315398365259170532e-01 6.289264559745788574e-02 -2.277930676937103271e-01 1.058828681707382202e-01 -3.739403560757637024e-02 1.226272527128458023e-02 -5.836135894060134888e-02 -4.412406682968139648e-02 1.387254800647497177e-02 -5.175474658608436584e-02 3.694265615195035934e-03 2.871030941605567932e-02 1.112907659262418747e-02 1.801710389554500580e-02 6.469500809907913208e-02 1.509394347667694092e-01 2.960882615298032761e-03 -2.895981371402740479e-01 -5.564709007740020752e-02 -3.004269301891326904e-02 -8.194153755903244019e-02 1.332567352801561356e-02 -6.242800038307905197e-03 -5.942175984382629395e-01 -2.995267882943153381e-02 -2.118441043421626091e-03 3.744759131222963333e-03 8.189065009355545044e-02 1.893205009400844574e-02 -1.731641031801700592e-02 -1.071426421403884888e-01 6.661942601203918457e-02 -6.095609441399574280e-02 -3.160300478339195251e-02 -8.906421810388565063e-02 -1.782852970063686371e-02 -6.929863244295120239e-02 3.925747424364089966e-02 -4.196282476186752319e-02 5.153534933924674988e-02 -4.110037088394165039e-01 -2.060617320239543915e-02 -4.755691159516572952e-03 1.112948879599571228e-01 8.232773840427398682e-02 -3.311034142971038818e-01 2.121314704418182373e-01 -1.252648886293172836e-02 3.323217853903770447e-02 -4.887232929468154907e-02 -4.146312363445758820e-03 6.507855840027332306e-03 1.265510171651840210e-02 3.751352801918983459e-02 -7.752206921577453613e-02 4.724546521902084351e-02 1.572759076952934265e-02 6.940406560897827148e-02 7.144346833229064941e-02 -3.780863434076309204e-02 7.586869597434997559e-02 7.940377108752727509e-03 -2.131300270557403564e-01 1.985210552811622620e-02 1.930405348539352417e-01 -1.081000342965126038e-01 -2.829150855541229248e-02 4.896593838930130005e-02 1.279497593641281128e-01 -2.768564522266387939e-01 -1.483324468135833740e-01 -9.717049449682235718e-02 4.564822465181350708e-02 -3.921309858560562134e-02 1.821308434009552002e-01 -3.489467203617095947e-01 4.283709824085235596e-02 1.588486135005950928e-01 -6.394530832767486572e-02 4.775252938270568848e-02 -1.364307999610900879e-01 -4.352895170450210571e-02 1.424125283956527710e-01 -8.004143089056015015e-02 -1.066963654011487961e-02 1.602890044450759888e-01 6.067491695284843445e-02 -9.631621837615966797e-02 4.242795705795288086e-02 4.581949487328529358e-02 -4.735290408134460449e-01 -1.816632449626922607e-01 -2.800791561603546143e-01 -1.017055008560419083e-02 1.491827368736267090e-01 9.315399453043937683e-03 -1.077471375465393066e-01 7.305418699979782104e-02 8.503074198961257935e-02 7.272795587778091431e-02 1.244508177042007446e-01 -2.356727980077266693e-02 -5.713488906621932983e-02 -2.955426573753356934e-01 5.466045439243316650e-02 -4.663533717393875122e-02 -4.158429205417633057e-01 1.241087168455123901e-01 -5.656213685870170593e-02 -1.006476487964391708e-02 -6.930622458457946777e-02 -3.185968697071075439e-01 1.684480756521224976e-01 -6.484493613243103027e-02 5.070507898926734924e-02 -1.649696566164493561e-02 6.713929772377014160e-02 -4.226488992571830750e-02 1.550427973270416260e-01 -1.602931618690490723e-01 2.643075585365295410e-02 -6.157400086522102356e-02
-1.206403225660324097e-01 2.002971917390823364e-01 -3.569342792034149170e-01 -9.897515922784805298e-02 -2.602583728730678558e-02 7.319712638854980469e-02 -2.047837823629379272e-01 -8.334349840879440308e-03 -1.775287240743637085e-01 8.558052778244018555e-02 -6.696860492229461670e-02 6.846461445093154907e-02 -3.965202867984771729e-01 4.154308512806892395e-02 -5.753935873508453369e-02 -7.535575330257415771e-02 4.280769824981689453e-02 -3.329705446958541870e-02 3.895946219563484192e-02 4.286607354879379272e-02 -9.842079877853393555e-02 2.411349676549434662e-02 -1.037988439202308655e-02 2.618952691555023193e-01 1.256990879774093628e-01 7.631168514490127563e-02 -2.111501693725585938e-01 1.460739597678184509e-02 4.414311796426773071e-02 -1.431484669446945190e-01 -1.970148272812366486e-02 1.086444854736328125e-01 -2.829274162650108337e-03 7.100453972816467285e-02 -7.318700663745403290e-03 4.900603741407394409e-02 8.852238953113555908e-02 -1.416804641485214233e-02 -1.382834613323211670e-01 -1.654823571443557739e-01 -1.172163616865873337e-02 3.126950934529304504e-02 1.756283454596996307e-02 -5.348243191838264465e-02 -7.699742913246154785e-02 -1.756918989121913910e-02 4.430760815739631653e-02 -1.726646535098552704e-02 4.941300954669713974e-03 -2.255159467458724976e-01 -4.281746223568916321e-02 4.005310311913490295e-02 9.117662906646728516e-02 -2.021628767251968384e-01 -5.011643096804618835e-02 5.309389531612396240e-02 5.090630054473876953e-02 -2.276428043842315674e-02 1.387849356979131699e-02 -1.099051386117935181e-01 -6.297500431537628174e-02 -2.061450667679309845e-02 9.371172054670751095e-04 -7.673280686140060425e-02 -7.554736733436584473e-02 9.836664050817489624e-02 -1.863144636154174805e-01 4.251993447542190552e-02 -1.018744185566902161e-01 -7.672250736504793167e-03 6.434527784585952759e-02 1.471292078495025635e-01 1.529200375080108643e-01 -1.355844289064407349e-01 2.552291005849838257e-02 -1.247709095478057861e-01 -1.925294995307922363e-01 -3.492509946227073669e-02 8.259446918964385986e-02 -6.521403789520263672e-02 -3.123736083507537842e-01 1.277540531009435654e-02 -7.321705669164657593e-02 -1.620391309261322021e-01 -1.016500609694048762e-04 -5.875939503312110901e-02 3.944694995880126953e-02 1.070436015725135803e-01 8.485003560781478882e-02 7.652355730533599854e-02 2.094314992427825928e-02 -1.336633926257491112e-03 -6.724646780639886856e-03 1.219654083251953125e-01 -1.362480502575635910e-02 -2.208735942840576172e-01 2.077703624963760376e-01 -1.488899737596511841e-01 -7.077449467033147812e-03 -8.178637921810150146e-02 1.172956675291061401e-01 1.778625398874282837e-01 -4.351206868886947632e-02 6.747896224260330200e-02 -2.242452651262283325e-01 7.818633317947387695e-02 1.305616945028305054e-01 4.947300534695386887e-03 3.086895868182182312e-02 1.515688002109527588e-01 -1.455126106739044189e-01 -3.903736174106597900e-01 -6.636849045753479004e-02 1.726733744144439697e-01 -1.187257119454443455e-03 2.454441599547863007e-02 -5.582285523414611816e-01 1.759495213627815247e-02 7.645068317651748657e-02 7.306636311113834381e-03 4.075425118207931519e-02 1.639761477708816528e-01 -9.334994852542877197e-02 1.627453789114952087e-02 -5.927874520421028137e-02 -5.941895022988319397e-02 -4.214945062994956970e-02 2.374738268554210663e-02
-2.275943160057067871e-01 4.516990855336189270e-02 -1.395941078662872314e-01 -8.051492273807525635e-02 1.795134507119655609e-02 -4.195372760295867920e-02 7.175971567630767822e-02 1.110889241099357605e-01 -3.672189712524414062e-01 -1.898047029972076416e-01 -1.741547733545303345e-01 -2.111332118511199951e-01 8.238536864519119263e-02 5.314346402883529663e-02 1.048205643892288208e-01 4.007559735327959061e-03 5.144004896283149719e-02 1.021484658122062683e-02 2.098276093602180481e-02 2.214899845421314240e-02 1.306641697883605957e-01 2.617496438324451447e-02 1.249275952577590942e-01 -9.091034531593322754e-02 -1.470642536878585815e-01 8.001405745744705200e-02 -2.771983668208122253e-02 -4.254055395722389221e-02 -1.668128371238708496e-01 -4.807083681225776672e-02 1.200388092547655106e-02 -4.983859509229660034e-02 -7.744187116622924805e-02 -7.840994745492935181e-02 -4.068417940288782120e-03 -1.352168470621109009e-01 1.872680708765983582e-02 -5.848797038197517395e-02 -2.566507756710052490e-01 9.668249636888504028e-02 3.665202856063842773e-02 -1.689314283430576324e-02 -1.798117347061634064e-02 2.435247600078582764e-02 -1.652416586875915527e-02 -3.442054241895675659e-02 4.315728694200515747e-02 3.962090983986854553e-02 -1.202748715877532959e-01 -9.619493782520294189e-02 -8.337527513504028320e-02 2.474984154105186462e-03 -1.183212846517562866e-01 -2.152967080473899841e-02 2.202248573303222656e-02 1.453936398029327393e-01 1.182473171502351761e-02 -2.462891489267349243e-02 5.181725695729255676e-02 8.387029170989990234e-02 6.988554447889328003e-02 -1.499108388088643551e-03 -1.707012765109539032e-02 -1.336757442913949490e-03 4.155822470784187317e-02 1.252686083316802979e-01 -1.414009928703308105e-01 -7.175568491220474243e-02 -7.250307500362396240e-02 -5.807675421237945557e-02 1.270593255758285522e-01 -1.246760785579681396e-01 9.364280849695205688e-02 1.187446434050798416e-02 -2.097449265420436859e-02 -2.118333429098129272e-01 7.607195526361465454e-02 -1.869395375251770020e-02 5.299415811896324158e-02 5.720731988549232483e-02 -4.865301027894020081e-02 -1.590124368667602539e-01 -5.681294947862625122e-02 3.355787694454193115e-02 -9.051932953298091888e-03 -2.957028150558471680e-01 -1.067628059536218643e-02 -1.628768295049667358e-01 1.872314661741256714e-01 6.972803920507431030e-02 2.272542864084243774e-01 1.569980406202375889e-03 6.838483363389968872e-02 1.885079145431518555e-01 -1.719093695282936096e-02 6.289145350456237793e-02 8.523600548505783081e-02 -6.286731362342834473e-02 -8.663072437047958374e-02 -8.856739103794097900e-02 7.157798856496810913e-02 1.714885979890823364e-02 -1.102993637323379517e-01 9.827688336372375488e-03 -9.274198114871978760e-02 -7.472565025091171265e-02 9.816879034042358398e-02 -6.218760833144187927e-02 1.877215132117271423e-02 -8.453446626663208008e-02 -3.040036559104919434e-02 -1.985687995329499245e-03 4.264258779585361481e-03 1.086155176162719727e-01 -4.991597030311822891e-03 3.962542861700057983e-02 -2.572827935218811035e-01 4.564260318875312805e-02 2.253774926066398621e-02 2.116175927221775055e-02 -4.520004615187644958e-02 7.529612630605697632e-02 3.891516476869583130e-02 2.748409844934940338e-02 -1.478356570005416870e-01 -3.028751537203788757e-02 6.438913941383361816e-02 8.859776705503463745e-02
2.895965427160263062e-02 -1.363387703895568848e-01 -1.525975912809371948e-01 -4.045519977807998657e-02 1.136298924684524536e-01 6.514438986778259277e-02 9.480931609869003296e-02 6.853439658880233765e-02 -1.508109271526336670e-01 1.248316373676061630e-02 7.629648596048355103e-02 5.090219900012016296e-02 -1.710771769285202026e-02 -8.552674949169158936e-02 -3.003077805042266846e-01 -1.375973522663116455e-01 1.185713708400726318e-01 5.900062993168830872e-02 1.873684823513031006e-01 -4.268029704689979553e-02 -5.674908310174942017e-02 9.229184687137603760e-02 -1.225634664297103882e-02 2.939062565565109253e-02 1.453334391117095947e-01 -8.019988238811492920e-02 -2.945478856563568115e-01 5.588643625378608704e-02 1.724841594696044922e-01 -3.932383283972740173e-02 -3.502074256539344788e-02 1.293199211359024048e-01 2.547883242368698120e-02 -2.061968855559825897e-02 -7.521075010299682617e-02 -1.324111819267272949e-01 -1.881499886512756348e-01 -5.147360637784004211e-02 2.536428533494472504e-02 -3.553937375545501709e-02 -2.852389030158519745e-02 7.685262709856033325e-02 6.437118351459503174e-02 -4.214518703520298004e-03 -3.643572330474853516e-02 5.167435109615325928e-02 7.144513726234436035e-02 -7.537226378917694092e-02 2.624542713165283203e-01 -3.308125585317611694e-02 7.151240855455398560e-02 8.986862376332283020e-03 7.366596255451440811e-03 4.561967216432094574e-03 4.776236042380332947e-02 -3.264819830656051636e-02 -2.918175235390663147e-02 -2.029069326817989349e-02 7.853122800588607788e-02 -2.542191147804260254e-01 5.444858595728874207e-02 6.337086856365203857e-02 -3.355161100625991821e-02 3.443792834877967834e-02 -5.777007341384887695e-01 3.118393756449222565e-02 -9.156347066164016724e-02 7.093401998281478882e-02 8.117369376122951508e-03 1.043498888611793518e-01 4.466822370886802673e-02 1.042316854000091553e-02 9.327948838472366333e-02 4.534965008497238159e-02 -4.998083412647247314e-02 -1.908135861158370972e-01 -5.202876776456832886e-02 -2.651132643222808838e-02 -2.345669828355312347e-02 -4.846601188182830811e-02 1.065249554812908173e-02 3.124209865927696228e-02 -1.609732955694198608e-02 -3.166453242301940918e-01 -5.630872026085853577e-02 -2.078195512294769287e-01 -2.908816933631896973e-02 1.256345957517623901e-01 7.519828528165817261e-02 -6.940136849880218506e-02 9.980743378400802612e-02 -9.842056035995483398e-02 3.893490415066480637e-03 1.228148769587278366e-02 -1.737722940742969513e-02 1.396948099136352539e-01 7.088265568017959595e-02 1.347396671772003174e-01 -3.277744725346565247e-02 -1.527064591646194458e-01 -1.375414580106735229e-01 5.673957057297229767e-03 3.437029942870140076e-02 -4.289302974939346313e-02 -4.298879578709602356e-02 -2.017000764608383179e-01 -2.861200459301471710e-02 6.327931582927703857e-02 -1.867071166634559631e-02 -1.764320433139801025e-01 1.044645756483078003e-01 -1.106367036700248718e-01 3.544731810688972473e-02 -2.778957486152648926e-01 -8.315316587686538696e-02 -5.641309171915054321e-02 -1.544851213693618774e-01 1.287101209163665771e-01 5.715960264205932617e-02 -8.167596906423568726e-02 1.832750067114830017e-02 2.078053355216979980e-02 -8.264417946338653564e-02 -2.704387716948986053e-02 1.146128308027982712e-02 1.526051908731460571e-01 -6.664554774761199951e-02 3.682931885123252869e-02
1.907758414745330811e-01 2.118841260671615601e-01 -7.466262578964233398e-02 2.549788951873779297e-01 1.508676409721374512e-01 7.522054016590118408e-02 8.553535491228103638e-02 1.270568370819091797e-01 1.005820557475090027e-02 -3.660135567188262939e-01 -2.036631256341934204e-01 -2.197939753532409668e-01 4.041349887847900391e-02 2.332594431936740875e-02 -4.013014212250709534e-02 7.509890128858387470e-04 -1.298342794179916382e-01 3.337916359305381775e-02 -6.083569303154945374e-02 -2.829474210739135742e-02 1.457521785050630569e-02 -5.224308371543884277e-02 1.238190531730651855e-01 -3.742327690124511719e-01 -2.872062325477600098e-01 2.127726934850215912e-02 1.338510811328887939e-01 1.292592100799083710e-02 -4.666181504726409912e-01 -1.649824380874633789e-01 -5.610434710979461670e-02 1.108154430985450745e-01 -3.616269677877426147e-02 -4.889098927378654480e-02 1.552983280271291733e-02 1.364939659833908081e-01 -1.207081228494644165e-02 1.842561364173889160e-02 1.157078146934509277e-02 -3.888792693614959717e-01 -7.328197360038757324e-03 7.189905643463134766e-02 -5.211278051137924194e-02 -3.920145705342292786e-02 5.947136133909225464e-02 1.539670210331678391e-02 -1.892583370208740234e-01 8.999469131231307983e-02 4.114584997296333313e-02 1.532200872898101807e-01 -6.881553679704666138e-02 -1.894706338644027710e-01 3.873775899410247803e-02 1.147127225995063782e-01 4.793503787368535995e-03 -8.768882602453231812e-02 -1.745510287582874298e-02 4.355414584279060364e-02 -3.380974009633064270e-02 2.175064384937286377e-01 6.189967319369316101e-02 6.236041337251663208e-02 4.783323034644126892e-02 -2.118255198001861572e-02 1.529583036899566650e-01 -2.983369678258895874e-02 1.298077553510665894e-01 -5.806780979037284851e-02 -2.484510466456413269e-02 -3.126782476902008057e-01 1.800832338631153107e-02 4.205428063869476318e-02 -7.721983641386032104e-02 7.795165479183197021e-02 -2.198540046811103821e-02 -2.586372494697570801e-01 -1.384509801864624023e-01 6.527513265609741211e-03 -4.039879515767097473e-02 -1.953976154327392578e-01 -1.132224798202514648e-01 -1.524471342563629150e-01 -5.661711096763610840e-02 -1.123626716434955597e-02 2.581212436780333519e-03 -2.937495522201061249e-02 9.078451246023178101e-02 3.772590309381484985e-02 2.033390700817108154e-01 -8.334920555353164673e-02 1.488613337278366089e-01 3.767094016075134277e-02 1.699223183095455170e-02 -1.318411976099014282e-01 -1.180388312786817551e-02 -2.219163328409194946e-01 -4.289606809616088867e-01 6.496772915124893188e-02 -1.098273172974586487e-01 3.034851849079132080e-01 -3.248604014515876770e-02 -2.746629118919372559e-01 -4.144784435629844666e-02 -7.947010546922683716e-02 -1.027769371867179871e-01 7.308462262153625488e-02 1.554694324731826782e-01 1.219249423593282700e-02 6.473334878683090210e-02 4.748347029089927673e-02 -8.876882493495941162e-02 -1.408903598785400391e-01 3.282185494899749756e-01 -1.926037073135375977e-01 -7.760404050350189209e-02 -4.797927290201187134e-02 1.097007915377616882e-01 -3.124669790267944336e-01 1.285022199153900146e-01 -1.923336274921894073e-02 -1.671887375414371490e-02 2.357361167669296265e-01 9.175179875455796719e-04 -5.996851623058319092e-02 2.475325912237167358e-01 -2.048827148973941803e-02 -3.446298837661743164e-02 8.038823306560516357e-02
4.480747506022453308e-02 1.132234185934066772e-01 5.954207852482795715e-02 1.069614887237548828e-01 5.075435340404510498e-02 -2.351929061114788055e-02 1.520854420959949493e-03 2.821142412722110748e-02 1.749902069568634033e-01 1.007830649614334106e-01 1.754704266786575317e-01 -9.571866691112518311e-02 -2.457442283630371094e-01 4.204270616173744202e-02 -2.298995107412338257e-01 -1.106267645955085754e-01 -1.519873440265655518e-01 -9.232249110937118530e-02 1.529113799333572388e-01 -7.950444519519805908e-02 -7.508745789527893066e-02 4.863249883055686951e-02 1.563678532838821411e-01 -1.052530389279127121e-02 -1.376059800386428833e-01 7.979760318994522095e-02 -2.497065253555774689e-02 4.541230946779251099e-02 4.867120180279016495e-03 4.193990305066108704e-02 4.505790770053863525e-02 -3.097719140350818634e-02 6.690967082977294922e-02 3.800361882895231247e-03 -6.989158689975738525e-02 -1.072587743401527405e-01 2.678802609443664551e-01 5.725643038749694824e-02 1.101720772567205131e-04 2.631192328408360481e-03 3.353958129882812500e-01 -9.976728819310665131e-03 5.158341024070978165e-03 -2.078248560428619385e-02 -6.541564315557479858e-02 2.999606728553771973e-02 1.620233654975891113e-01 4.847377911210060120e-02 -3.351695835590362549e-02 2.694119699299335480e-02 -4.340745881199836731e-02 1.107589751482009888e-01 1.088515073060989380e-01 -1.362852845340967178e-02 -2.456055395305156708e-02 6.031085923314094543e-02 -2.690454944968223572e-03 -6.659761071205139160e-02 -7.228673249483108521e-02 -2.370816171169281006e-01 3.288203105330467224e-02 3.096139244735240936e-02 -2.393478900194168091e-01 -7.406970113515853882e-02 2.459171786904335022e-02 -9.827373549342155457e-03 -1.368560045957565308e-01 1.275352202355861664e-02 2.795194685459136963e-01 -2.063258439302444458e-01 -8.637183904647827148e-02 1.133368015289306641e-01 -1.528832018375396729e-01 -2.446730583906173706e-01 3.339942917227745056e-02 1.922617703676223755e-01 -3.889963775873184204e-02 3.768626600503921509e-02 4.137810785323381424e-03 1.089036762714385986e-01 3.426402509212493896e-01 1.001114398241043091e-01 -7.776810228824615479e-02 9.690504521131515503e-02 6.317353993654251099e-02 5.443418771028518677e-02 -2.402701377868652344e-01 9.368199110031127930e-02 -5.815929546952247620e-02 6.397419422864913940e-02 -2.624651789665222168e-01 3.421019315719604492e-01 5.545393563807010651e-03 -2.082352787256240845e-01 -8.007447421550750732e-02 6.971466541290283203e-02 1.977808773517608643e-01 -2.599502503871917725e-01 3.989250659942626953e-01 -1.937937289476394653e-01 -7.226589322090148926e-02 -6.108633875846862793e-01 1.662275642156600952e-01 -9.932332672178745270e-03 9.742975234985351562e-02 9.413029998540878296e-02 -1.566818505525588989e-01 5.015889182686805725e-03 3.879187628626823425e-02 1.085860878229141235e-01 -1.479799598455429077e-01 -3.184726461768150330e-02 2.148708142340183258e-02 -9.399301558732986450e-02 -4.108847677707672119e-02 -8.731500059366226196e-02 1.371428370475769043e-01 7.685011625289916992e-02 -3.338393568992614746e-02 -6.902063637971878052e-02 3.117724321782588959e-02 1.927559971809387207e-01 -6.943801790475845337e-02 -1.066384930163621902e-02 -1.546410918235778809e-01 -1.122561842203140259e-01 -8.836642652750015259e-02 -6.041041016578674316e-02
-7.288115471601486206e-02 -6.176858767867088318e-02 9.089994430541992188e-02 -1.853430569171905518e-01 3.768139332532882690e-02 -8.990018814802169800e-02 -8.953233249485492706e-03 -3.462581336498260498e-01 2.083253115415573120e-01 -1.299319863319396973e-01 -1.452737748622894287e-01 9.348557144403457642e-02 2.279481850564479828e-02 5.048277601599693298e-02 2.593290060758590698e-03 2.984331548213958740e-02 2.543754130601882935e-02 9.482987225055694580e-03 2.567244693636894226e-02 2.273713424801826477e-02 3.410733491182327271e-02 -9.621773660182952881e-02 -3.422926068305969238e-01 -1.920571178197860718e-01 3.333230689167976379e-02 -5.234825657680630684e-04 3.850365430116653442e-02 -7.905641943216323853e-02 5.137331411242485046e-02 6.241522356867790222e-02 -7.109651342034339905e-03 -4.763975739479064941e-03 5.676012486219406128e-02 5.928636342287063599e-02 -9.380786679685115814e-03 8.514855802059173584e-02 -2.105330973863601685e-01 -1.957960426807403564e-02 -1.927307434380054474e-02 1.263741552829742432e-01 1.924525597132742405e-03 -2.210089750587940216e-02 6.510894745588302612e-03 -4.305387381464242935e-03 -2.271996811032295227e-02 -9.219053387641906738e-02 -3.450458049774169922e-01 3.736582025885581970e-02 -1.409417986869812012e-01 6.688928604125976562e-02 6.754887104034423828e-02 -1.403983831405639648e-01 1.133802607655525208e-01 -8.475162833929061890e-02 -9.145289659500122070e-02 3.689597547054290771e-02 -8.884844183921813965e-02 1.049305964261293411e-02 7.274445891380310059e-02 4.983376339077949524e-02 5.775574594736099243e-02 9.405228495597839355e-02 2.083591073751449585e-01 -2.208465337753295898e-02 5.867758020758628845e-02 -1.310875564813613892e-01 6.225514784455299377e-02 -7.582610100507736206e-02 -1.313933432102203369e-01 1.199033185839653015e-01 -4.585115909576416016e-01 2.746972627937793732e-02 -3.756995871663093567e-02 1.425239443778991699e-02 -2.110848724842071533e-01 2.041626423597335815e-01 4.858752340078353882e-02 -3.387777134776115417e-02 -1.406796425580978394e-01 2.889991402626037598e-01 -4.413794353604316711e-02 -1.365497708320617676e-01 -1.374541129916906357e-02 4.152335226535797119e-03 -8.263635635375976562e-02 -9.747212380170822144e-02 2.857773192226886749e-02 -2.688641250133514404e-01 -2.967444956302642822e-01 4.179059341549873352e-02 -1.558188498020172119e-01 -2.267682179808616638e-02 -6.718204170465469360e-02 1.165295466780662537e-01 7.491615600883960724e-03 3.357052803039550781e-02 -5.438634380698204041e-02 2.079868167638778687e-01 -2.139838784933090210e-01 -4.024416208267211914e-01 -6.073444150388240814e-03 9.073934704065322876e-02 -3.103444874286651611e-01 -7.069940119981765747e-02 -7.338085770606994629e-02 2.016650438308715820e-01 -4.084612708538770676e-03 6.624522060155868530e-02 4.682042822241783142e-02 2.013353817164897919e-02 -1.362717151641845703e-02 8.765236288309097290e-02 -1.902380734682083130e-01 9.051858633756637573e-02 5.995742511004209518e-03 -1.409223303198814392e-03 -1.711458265781402588e-01 -3.546108677983283997e-02 1.642725616693496704e-01 -6.779470294713973999e-02 8.226489275693893433e-02 -1.034052446484565735e-01 -5.226545035839080811e-02 -4.788280930370092392e-03 9.566427767276763916e-02 1.447603665292263031e-02 1.255697477608919144e-02 8.125397562980651855e-02
-1.149778515100479126e-01 2.609046399593353271e-01 2.265082858502864838e-02 -3.418914079666137695e-01 1.225948855280876160e-01 7.037973403930664062e-02 -3.048865795135498047e-01 -2.961479127407073975e-01 1.129187643527984619e-01 -2.355951629579067230e-02 -3.460793197154998779e-01 -4.258038103580474854e-02 -5.939063057303428650e-02 -8.030135929584503174e-02 -1.927647292613983154e-01 4.629984125494956970e-02 -6.013468652963638306e-02 4.098192602396011353e-02 -2.050326615571975708e-01 7.893198728561401367e-02 7.192806806415319443e-03 -2.599715888500213623e-01 -2.470880895853042603e-01 -6.211596354842185974e-02 -5.875065550208091736e-02 2.681079134345054626e-02 4.080710560083389282e-02 5.955577269196510315e-02 -6.802058219909667969e-02 1.350847184658050537e-01 5.426033958792686462e-02 2.596154250204563141e-02 3.229288756847381592e-02 -4.139145836234092712e-02 5.430744215846061707e-02 1.084119975566864014e-01 -3.932971954345703125e-01 -8.564034849405288696e-02 7.128264755010604858e-03 9.937340766191482544e-02 -2.222915887832641602e-01 -1.802275329828262329e-02 -3.500194475054740906e-02 -6.697621941566467285e-02 6.638982892036437988e-02 3.136970847845077515e-02 1.388446390628814697e-01 -4.740827903151512146e-02 2.196185737848281860e-01 -1.214840784668922424e-01 1.813368289731442928e-03 -7.564483582973480225e-02 2.490045577287673950e-01 -2.111096084117889404e-01 4.952633380889892578e-02 1.070986017584800720e-01 7.953131943941116333e-02 6.543443351984024048e-02 5.602326616644859314e-02 1.418051570653915405e-01 -3.629040718078613281e-02 -9.211144410073757172e-03 8.543186634778976440e-02 -2.947283722460269928e-02 2.027344405651092529e-01 9.339099377393722534e-02 -7.471146993339061737e-03 5.205895751714706421e-03 7.299768179655075073e-02 2.309012040495872498e-02 -2.052446752786636353e-01 -3.146439790725708008e-02 1.055584941059350967e-02 -3.399986401200294495e-02 -2.247390598058700562e-01 1.750747412443161011e-01 -9.572813659906387329e-02 -2.168273553252220154e-02 7.012692093849182129e-02 5.427531432360410690e-03 -4.054247215390205383e-02 4.597359895706176758e-02 -2.085532620549201965e-02 6.502319872379302979e-02 -8.829893171787261963e-02 -1.060199663043022156e-01 -1.841566897928714752e-02 5.189014598727226257e-02 -3.599408864974975586e-01 -8.327490091323852539e-02 -9.135237336158752441e-02 -1.480885744094848633e-01 2.626340277493000031e-02 8.220659941434860229e-02 7.836203277111053467e-02 -1.593171209096908569e-01 2.470988407731056213e-02 -1.685493811964988708e-02 -3.362518846988677979e-01 -2.747983336448669434e-01 2.156597003340721130e-02 6.041477248072624207e-02 -8.738511800765991211e-02 -8.387953042984008789e-02 -7.040573656558990479e-02 5.924646928906440735e-02 5.085680261254310608e-02 -3.543581441044807434e-02 5.376918241381645203e-02 -1.961127519607543945e-01 5.972098559141159058e-02 -1.487120334059000015e-02 -2.855453267693519592e-02 2.338440716266632080e-01 -6.325743347406387329e-02 -9.469251148402690887e-03 -2.122980542480945587e-02 -2.502459660172462463e-02 1.566543430089950562e-01 -2.743306942284107208e-02 -4.143842309713363647e-02 -4.602635502815246582e-01 -6.041441485285758972e-02 3.075682744383811951e-02 1.842523738741874695e-02 9.709364920854568481e-02 2.769984491169452667e-02 -5.946661159396171570e-02
1.685462892055511475e-01 1.057427003979682922e-01 -3.070903010666370392e-02 -3.053986430168151855e-01 7.103937864303588867e-02 4.494908731430768967e-03 1.296994388103485107e-01 -3.492569327354431152e-01 3.643686184659600258e-03 -2.817638516426086426e-01 -1.463283002376556396e-01 -1.239950656890869141e-01 2.536163032054901123e-01 9.141744673252105713e-02 1.067973300814628601e-01 -1.247022002935409546e-01 8.223312348127365112e-02 3.861673921346664429e-02 -3.065301850438117981e-02 -1.930845715105533600e-02 2.078930437564849854e-01 -3.174662888050079346e-01 -3.174489438533782959e-01 -6.844698190689086914e-01 -1.407483369112014771e-01 -8.920853724703192711e-05 -8.734515868127346039e-03 2.537300437688827515e-02 1.173186153173446655e-01 -3.766300678253173828e-01 8.163410425186157227e-02 -1.841729730367660522e-01 -5.715278093703091145e-04 8.915011771023273468e-03 -8.413723111152648926e-02 -9.936206042766571045e-02 -3.114784359931945801e-01 -6.078670173883438110e-02 -5.094570107758045197e-03 8.033194392919540405e-02 -3.233247995376586914e-02 -2.322198450565338135e-02 5.546077340841293335e-02 9.836655110120773315e-03 4.418848827481269836e-02 1.863153651356697083e-02 3.582392632961273193e-02 -2.533043362200260162e-02 -2.316193282604217529e-01 1.272553205490112305e-01 -7.468077819794416428e-03 1.250474154949188232e-01 -2.019150704145431519e-01 2.420377545058727264e-02 1.334421988576650620e-02 4.159605130553245544e-02 7.169909775257110596e-02 2.445596642792224884e-02 5.766155570745468140e-02 -4.818902164697647095e-02 5.397740378975868225e-02 -1.406645122915506363e-02 4.911791905760765076e-02 -5.328430980443954468e-02 7.926372811198234558e-03 -6.439597159624099731e-02 -2.913543581962585449e-01 3.469228744506835938e-02 1.167883202433586121e-01 -1.054928973317146301e-01 -2.013157308101654053e-01 -4.016084223985671997e-02 -4.750047251582145691e-02 -1.066677123308181763e-01 -2.285778969526290894e-01 -7.930921763181686401e-02 1.941701173782348633e-01 -8.400454372167587280e-02 -1.258778013288974762e-02 -3.104527890682220459e-01 -1.031417921185493469e-01 1.033133864402770996e-01 -5.986636504530906677e-02 -8.230600506067276001e-02 -3.756007552146911621e-02 -7.628125697374343872e-02 3.789278492331504822e-02 5.172775126993656158e-03 -2.143756300210952759e-01 4.099817574024200439e-02 -2.556580901145935059e-01 2.741290256381034851e-02 -4.664934426546096802e-02 1.004508361220359802e-01 -2.681533247232437134e-02 -3.915788605809211731e-02 -1.989421397447586060e-01 -1.112144067883491516e-01 -2.845411002635955811e-01 -2.510918676853179932e-01 1.009525209665298462e-01 1.812538802623748779e-01 2.577562928199768066e-01 8.816730231046676636e-03 -5.824061576277017593e-03 -4.047273099422454834e-01 -2.169666886329650879e-01 3.401010856032371521e-02 -9.333278285339474678e-04 4.323019180446863174e-03 4.424535855650901794e-02 -2.127828449010848999e-02 -1.740589588880538940e-01 2.247946411371231079e-01 2.840819396078586578e-02 5.032835155725479126e-02 -3.260953724384307861e-01 1.404746323823928833e-01 -5.382386595010757446e-02 2.307083830237388611e-02 2.067671343684196472e-02 -2.645995020866394043e-01 -5.990094691514968872e-02 -8.529251813888549805e-02 7.182117551565170288e-03 1.831104159355163574e-01 -1.253666356205940247e-02 5.675771087408065796e-02
7.442920655012130737e-02 -2.160823792219161987e-01 -4.220299795269966125e-02 1.158848702907562256e-01 6.558388471603393555e-02 -5.862415954470634460e-02 1.475428640842437744e-01 -1.361876130104064941e-01 -2.241467535495758057e-01 -1.033995226025581360e-01 -1.704075038433074951e-01 -7.375760376453399658e-02 3.304715827107429504e-02 -1.845139823853969574e-02 -9.485811740159988403e-02 -1.025301367044448853e-01 -4.833780694752931595e-03 -5.896195396780967712e-02 -5.269376188516616821e-02 -3.437764570116996765e-02 1.020690053701400757e-01 -2.809708714485168457e-01 -2.981486022472381592e-01 4.615389555692672729e-02 -3.679717183113098145e-01 -6.630313396453857422e-02 -1.405190229415893555e-01 3.888276964426040649e-02 -1.617172509431838989e-01 1.595715284347534180e-01 -7.165167480707168579e-02 -9.401132166385650635e-02 -4.941274225711822510e-02 -5.544819310307502747e-02 -2.875400334596633911e-02 9.302624315023422241e-02 -1.547629833221435547e-01 -6.200523348525166512e-04 2.111384868621826172e-01 8.593277633190155029e-02 -4.105041623115539551e-01 -1.067984383553266525e-02 1.160726416856050491e-02 1.424986589699983597e-02 -7.891704142093658447e-02 -4.517586529254913330e-02 2.143670320510864258e-01 3.689017891883850098e-02 2.128468453884124756e-01 3.912849351763725281e-02 6.223187968134880066e-02 -4.237433895468711853e-02 -5.424416661262512207e-01 2.649731338024139404e-01 5.007370933890342712e-02 -3.126791119575500488e-02 1.260773837566375732e-02 4.094351083040237427e-02 6.448861211538314819e-02 9.962978959083557129e-02 1.614546030759811401e-02 5.637131631374359131e-03 1.577612757682800293e-01 -7.371805608272552490e-02 -2.859071195125579834e-01 1.624580770730972290e-01 -2.577161490917205811e-01 7.082109153270721436e-02 1.694735437631607056e-01 -3.645078092813491821e-02 4.557237029075622559e-03 4.504788666963577271e-02 -5.074259638786315918e-02 -6.945136934518814087e-02 -3.382271528244018555e-01 4.765981435775756836e-02 4.435248672962188721e-02 -6.627307832241058350e-02 -9.950559586286544800e-02 3.819143399596214294e-02 -1.941499859094619751e-01 1.392280757427215576e-01 5.603810027241706848e-02 1.742521300911903381e-02 -7.887477427721023560e-02 -3.025462329387664795e-01 1.455585211515426636e-01 -7.486590184271335602e-03 -2.564375698566436768e-01 -6.293482333421707153e-02 -1.652264297008514404e-01 -1.424116734415292740e-02 1.349453907459974289e-02 -5.051828175783157349e-02 1.286527328193187714e-02 1.208745315670967102e-01 -1.371752843260765076e-02 1.106210276484489441e-01 -1.154332086443901062e-01 8.337495476007461548e-02 -1.441173702478408813e-01 -2.170480191707611084e-01 -1.488833576440811157e-01 -1.993572153151035309e-02 2.713871896266937256e-01 -2.759221196174621582e-01 -2.480785399675369263e-01 -1.769662462174892426e-02 7.300380617380142212e-02 3.882700949907302856e-02 2.053529620170593262e-01 1.380262672901153564e-01 2.526296377182006836e-01 -1.590264588594436646e-01 -2.387996576726436615e-02 -1.778259687125682831e-02 -1.786696165800094604e-02 1.027982980012893677e-01 -2.784051001071929932e-01 -9.803369641304016113e-03 -3.061006776988506317e-02 -2.797453701496124268e-01 -4.681210592389106750e-02 3.191294893622398376e-02 -6.838911771774291992e-02 1.845871210098266602e-01 3.208134323358535767e-02 5.427756533026695251e-02
-2.037743777036666870e-01 1.268640011548995972e-01 -6.681991368532180786e-02 -2.293565124273300171e-02 -9.499880671501159668e-02 -4.705605283379554749e-02 -4.803466796875000000e-02 -2.044864743947982788e-01 -1.816830784082412720e-01 5.416803061962127686e-02 -1.622538268566131592e-01 1.549388002604246140e-02 -2.561666667461395264e-01 -8.848702907562255859e-02 -7.424115668982267380e-03 1.108027715235948563e-02 -1.395885646343231201e-01 -6.925728917121887207e-02 -3.304072320461273193e-01 5.428447574377059937e-02 8.856151252985000610e-02 -3.295254707336425781e-01 -8.647722005844116211e-02 8.509317040443420410e-02 -7.152253389358520508e-02 -2.555771730840206146e-02 1.185425072908401489e-01 7.565836608409881592e-02 -1.555832773447036743e-01 2.154525369405746460e-01 8.859652280807495117e-02 -1.075180023908615112e-01 -9.215211868286132812e-02 5.082637816667556763e-02 5.778982490301132202e-02 1.468369960784912109e-01 -8.307915180921554565e-02 -2.376921847462654114e-02 -7.412019371986389160e-02 7.786160707473754883e-02 8.522336930036544800e-02 -4.840337485074996948e-02 -1.765631488524377346e-03 -4.168317827861756086e-04 4.457327350974082947e-02 3.931222483515739441e-02 4.444169998168945312e-02 -3.512835502624511719e-02 6.198775768280029297e-02 -1.539932638406753540e-01 -6.334798783063888550e-02 1.235188320279121399e-01 -6.643537431955337524e-02 1.580707728862762451e-01 4.981000721454620361e-02 1.942595690488815308e-01 -9.453577920794487000e-03 6.092925742268562317e-02 1.944611896760761738e-03 1.182373687624931335e-01 -5.599892511963844299e-02 9.828369133174419403e-03 7.091368734836578369e-02 -4.794491454958915710e-02 2.244457900524139404e-01 1.530410498380661011e-01 -1.239798516035079956e-01 6.304682791233062744e-02 1.565610431134700775e-02 6.796380877494812012e-02 3.213749267160892487e-03 -4.224406182765960693e-02 -1.191835552453994751e-01 1.022866517305374146e-01 -1.949378699064254761e-01 1.435933411121368408e-01 -8.478963747620582581e-03 -9.201317280530929565e-02 4.620058462023735046e-02 -2.036846242845058441e-02 -1.896975040435791016e-01 9.194306284189224243e-02 -4.826666414737701416e-02 8.838625997304916382e-02 -2.018260024487972260e-02 -2.036365866661071777e-01 4.357179626822471619e-02 -1.393827497959136963e-01 -3.809413611888885498e-01 -1.719332672655582428e-02 -3.485749363899230957e-01 -6.706464290618896484e-02 -3.208153322339057922e-02 2.214890122413635254e-01 4.510957375168800354e-02 -2.696492969989776611e-01 1.450841128826141357e-01 2.531981654465198517e-02 -1.747991740703582764e-01 1.910154819488525391e-01 -1.689277142286300659e-01 -1.158864516764879227e-02 2.549673058092594147e-02 -5.605501309037208557e-02 1.396045535802841187e-01 -7.398180663585662842e-02 -1.478099524974822998e-01 -3.532895818352699280e-03 -1.256947964429855347e-02 8.972725272178649902e-02 1.307086199522018433e-01 3.211608901619911194e-02 1.470752656459808350e-01 1.402285844087600708e-01 7.744202762842178345e-02 7.277453690767288208e-02 -3.008026629686355591e-02 2.169075608253479004e-02 6.639844924211502075e-02 -9.735113009810447693e-03 -6.721411645412445068e-02 3.028036952018737793e-01 5.600784718990325928e-02 -2.816203609108924866e-02 -2.743817269802093506e-01 2.754349820315837860e-02 5.460502579808235168e-02 2.487067319452762604e-02
-1.060849875211715698e-01 -1.700028181076049805e-01 1.298993229866027832e-01 5.602521449327468872e-02 6.690748035907745361e-02 -2.174331434071063995e-02 9.867855906486511230e-02 -4.372356832027435303e-02 -3.730917870998382568e-01 -3.753244504332542419e-02 3.185437023639678955e-01 3.065264038741588593e-02 -1.919638812541961670e-01 8.372431248426437378e-02 -2.406001585768535733e-04 5.578649416565895081e-02 2.039116248488426208e-02 -8.055559545755386353e-02 -1.203320920467376709e-01 7.758276164531707764e-02 -1.179808378219604492e-01 1.260635852813720703e-01 1.520501971244812012e-01 1.778183132410049438e-01 -1.408351659774780273e-01 -6.065206602215766907e-02 -6.751432269811630249e-02 8.248020708560943604e-02 -2.253749221563339233e-01 5.196864902973175049e-02 -3.450451418757438660e-02 -3.455117344856262207e-01 -4.753949493169784546e-02 -5.213148891925811768e-02 -6.774108111858367920e-02 -9.177558124065399170e-02 2.396406978368759155e-01 3.827577084302902222e-02 8.383288234472274780e-02 5.916383117437362671e-02 2.181582748889923096e-01 -9.047481231391429901e-03 -1.332038175314664841e-02 -6.128178536891937256e-02 6.534242536872625351e-03 4.620703309774398804e-02 -1.346718333661556244e-02 3.004262410104274750e-02 -1.745431274175643921e-01 6.809478253126144409e-02 -5.361260473728179932e-02 4.603450000286102295e-02 7.368730753660202026e-02 6.705828011035919189e-02 -5.464702844619750977e-02 1.514705717563629150e-01 -2.253851480782032013e-02 3.889170661568641663e-02 4.202888906002044678e-02 -9.159791283309459686e-03 -5.896244570612907410e-02 -4.971041902899742126e-02 -1.280719935894012451e-01 6.295137852430343628e-02 -2.216022014617919922e-01 -7.019262015819549561e-02 7.313518226146697998e-02 4.992405697703361511e-02 2.550830692052841187e-02 -5.942385643720626831e-02 -1.329185366630554199e-01 -2.175774127244949341e-01 8.139014244079589844e-02 -1.810436695814132690e-01 1.577659100294113159e-01 1.795326173305511475e-02 1.305559128522872925e-01 6.941212713718414307e-02 -9.428846091032028198e-02 -5.592690035700798035e-02 -2.814176306128501892e-02 1.620572954416275024e-01 7.763946428894996643e-03 5.811490491032600403e-02 8.031408302485942841e-03 2.631212174892425537e-01 2.495136670768260956e-02 -1.535927802324295044e-01 -1.277722716331481934e-01 9.874036535620689392e-03 -1.906458139419555664e-01 -5.294295400381088257e-02 -1.086759101599454880e-02 -1.633248627185821533e-01 -8.762807399034500122e-02 3.454011306166648865e-02 2.187585085630416870e-01 -8.928594738245010376e-02 1.332515478134155273e-01 -1.019792482256889343e-01 -4.757323116064071655e-02 -2.903815507888793945e-01 7.332938723266124725e-03 3.291261196136474609e-02 1.767474561929702759e-01 9.051632881164550781e-02 3.557521849870681763e-02 6.631036847829818726e-02 6.977540254592895508e-02 4.077896475791931152e-02 1.488442420959472656e-01 1.166622489690780640e-01 -3.350122645497322083e-02 -3.162862360477447510e-01 5.989110469818115234e-02 -7.321658730506896973e-02 -2.629710733890533447e-01 -4.034416750073432922e-02 -1.590276360511779785e-01 -3.759313374757766724e-02 4.904373362660408020e-02 -1.559491008520126343e-01 -5.094633251428604126e-02 -5.565717816352844238e-02 9.469815343618392944e-02 1.607126742601394653e-01 1.561360992491245270e-02 6.390670314431190491e-03
